34.126899999999999   84.272900000000007   18.273399999999999   15.8154   1.3273999999999999   0.216
34.126915357488819   84.273000990528701   18.273489474148537   15.815580038051319   1.327454995036067   0.21601778605654867
34.126943612459712   84.273186835813661   18.273653390086896   15.815905624821013   1.327546020611319   0.21604543167700793
34.126976452271968   84.273402532129978   18.273842122544128   15.816274968602572   1.3276423570920746   0.21607193288326612
34.127011404388533   84.273631709597282   18.274040878859029   15.81665778547629   1.3277354448884198   0.2160949171295192
34.12704770412882   84.27386929689041   18.274245056330212   15.817044719304329   1.3278231597826404   0.21611434930631621
34.127085090450947   84.274113555112891   18.274453060354126   15.817432598888844   1.3279052327990044   0.21613073684824166
34.127123454268883   84.274363751276582   18.274664206594291   15.817820130104051   1.3279819151470758   0.21614463649046875
34.127162735143173   84.274619474810891   18.274878104381063   15.818206628513595   1.3280535886542204   0.21615653368733295
34.12720289044838   84.274880433526647   18.27509447240022   15.818591639546925   1.3281206521030542   0.21616682561788575
34.127243885782427   84.275146390109612   18.275313081126587   15.818974819074331   1.3281834883836479   0.21617583049888184
34.127285691675546   84.275417140296895   18.27553373288389   15.819355891423713   1.3282424555251946   0.21618380152929126
34.127328282226195   84.275692503808614   18.275756253444264   15.819734631259246   1.3282978849201639   0.21619093980063683
34.127371634372473   84.275972319490592   18.275980487457694   15.82011085346654   1.328350081797079   0.21619740503050799
34.127415727408454   84.276256442082726   18.276206295374575   15.820484406222587   1.3283993264379481   0.21620332418531774
34.127460542619936   84.276544739781926   18.276433551107544   15.820855165682408   1.3284458756545185   0.21620879832535181
34.127506062993724   84.276837092295551   18.276662140154446   15.821223031694771   1.3284899643468786   0.21621390801610035
34.127552272979727   84.27713338924714   18.27689195805473   15.821587924271158   1.3285318070679488   0.21621871760049255
34.127599158293826   84.277433528854672   18.277122909104758   15.821949780643839   1.328571599554127   0.21622327857092016
34.1276467057533   84.277737416826412   18.277354905280486   15.822308552798082   1.3286095201988097   0.21622763223115277
34.127694903138632   84.278044965433068   18.277587865328538   15.82266420539101   1.3286457314546505   0.2162318117984188
34.127743739076827   84.278356092723996   18.277821713995106   15.823016713988105   1.3286803811563153   0.21623584406415819
34.127793202942406   84.278670721861502   18.278056381368287   15.823366063562135   1.3287136037596043   0.21623975070682316
34.127843284772943   84.278988780552652   18.278291802314239   15.82371224720991   1.328745521495744   0.21624354933028614
34.127893975196677   84.279310200561952   18.278527915991265   15.824055265050719   1.3287762454417376   0.21624725428580213
34.127945265370165   84.27963491729119   18.278764665429012   15.824395123277016   1.3288058765091286   0.21625087732317777
34.127997146924322   84.279962869415655   18.279001997162272   15.824731833333285   1.3288345063545179   0.21625442810711884
34.128049611917525   84.280293998567615   18.279239860910835   15.825065411203337   1.3288622182158127   0.21625791462710484
34.128102652794659   84.28062824905976   18.279478209298365   15.825395876789768   1.328889087678554   0.21626134352313542
34.128156262351233   84.280965567642582   18.27971699760452   15.825723253372102   1.3289151833768473   0.21626472034496677
34.128210433701788   84.281305903290757   18.279956183545512   15.826047567132406   1.3289405676334496   0.21626804975873101
34.128265160252006   84.281649207014226   18.280195727079111   15.82636884673903   1.3289652970434958   0.21627133571189955
34.128320435673984   84.281995431690703   18.280435590230788   15.82668712298061   1.3289894230062091   0.21627458156523924
34.128376253884277   84.282344531916678   18.280675736938196   15.827002428443718   1.3290129922087452   0.21627779019859009
34.128432609024301   84.282696463874373   18.28091613291161   15.827314797228521   1.3290360470661049   0.21628096409585748
34.128489495442828   84.283051185212798   18.281156745508344   15.827624264697699   1.3290586261208091   0.21628410541348086
34.128546907680281   84.283408654940985   18.281397543619452   15.827930867254519   1.3290807644057896   0.21628721603574899
34.128604840454649   84.283768833332019   18.28163849756724   15.828234642146544   1.3291024937737028   0.21629029761962779
34.128663288648802   84.284131681836499   18.281879579012337   15.828535627291966   1.3291238431956331   0.21629335163121263
34.128722247299024   84.284497163004488   18.282120760869265   15.82883386112592   1.3291448390319258   0.21629637937547802
34.128781711584686   84.28486524041476   18.282362017229531   15.829129382464499   1.3291655052776643   0.21629938202065238
34.12884167681888   84.285235878610777   18.282603323291465   15.829422230384486   1.3291858637851024   0.21630236061827218
34.128902138439898   84.285609043042498   18.282844655296071   15.829712444117035   1.3292059344651641   0.21630531611975382
34.128963092003545   84.285984700013415   18.283085990468255   15.830000062953786   1.3292257354699424   0.21630824939015078
34.1290245331761   84.286362816632376   18.283327306962903   15.830285126164052   1.3292452833579604   0.21631116121962873
34.129086457727922   84.286743360769535   18.283568583815295   15.830567672921873   1.3292645932437999   0.21631405233308396
34.129148861527604   84.287126301016158   18.283809800895455   15.830847742241904   1.3292836789335587   0.2163169233982456
34.129211740536647   84.287511606647783   18.284050938866027   15.831125372923166   1.32930255304747   0.2163197750325353
34.129275090804562   84.287899247590474   18.284291979143351   15.831400603499844   1.3293212271308865   0.21632260780890386
34.129338908464412   84.288289194389804   18.284532903861425   15.831673472198386   1.3293397117547314   0.21632542226082213
34.129403189728677   84.288681418182392   18.28477369583851   15.83194401690022   1.3293580166064101   0.21632821888656981
34.131843513398529   84.304752971288011   18.298978448137181   15.860268857837106   1.3373180254985353   0.21905076856741498
34.135715664468826   84.330235065637524   18.321396808469796   15.904510710648136   1.349097857975031   0.22271531415955706
34.140152449586488   84.359388115266086   18.346844542341   15.95401992548592   1.3614779722932977   0.22618631291939847
34.144875744800522   84.390370003155212   18.373654238075545   16.005377028803689   1.3734926836148762   0.22920911042073977
34.149792739167708   84.422564782071888   18.401265301716684   16.057439242256006   1.3848803287235087   0.2317835099317328
34.154869447352908   84.455745807896591   18.429468892857432   16.109788303614273   1.3955979533744742   0.23397227706467905
34.160090989434934   84.489812933323549   18.458170761200854   16.1622427400875   1.4056691609599308   0.23584474861700822
34.165449041713465   84.524709469207806   18.487316272182962   16.214703526014286   1.4151363098504266   0.23746195916333906
34.170937810783336   84.560395538512097   18.516866317201075   16.267104362684993   1.4240454525283377   0.23887416922178331
34.176552692987386   84.59683919861682   18.546789261870941   16.319394955594447   1.4324415910653725   0.24012181152596723
34.182289789263422   84.634013224376659   18.577058007927182   16.371534830733424   1.4403672135402228   0.24123714308621996
34.188145699872138   84.671893744030768   18.607648732237521   16.423490621817209   1.4478618948271398   0.24224583160514321
34.194117416528798   84.710459520475453   18.638540212587849   16.475234583262051   1.4549622563024993   0.24316829559471448
34.200202252908717   84.749691487185032   18.66971338694427   16.526743599335298   1.4617020546428601   0.24402078947904984
34.206397793511492   84.789572406224025   18.701151025951685   16.577998439542473   1.4681123209534381   0.24481626861786723
34.212701853389625   84.8300865986578   18.732837473310081   16.628983164744355   1.4742215204906735   0.24556507485777476
34.219112445414453   84.871219725261554   18.764758433662859   16.679684640289206   1.4800557199434976   0.24627547870372316
34.225627753254663   84.912958605383096   18.796900796693233   16.730092131410789   1.4856387555112143   0.24695410783542054
34.23224610886998   84.95529106597894   18.829252489945716   16.780196964269837   1.4909923977803821   0.24760628579717386
34.23896597364373   84.998205814978689   18.861802354867727   16.829992240302545   1.4961365108777112   0.2482362997685299
34.245785922477658   85.041692334462113   18.894540041806955   16.879472594267362   1.5010892042977244   0.24884761235929737
34.252704630313616   85.085740790074411   18.92745592058283   16.92863398833957   1.5058669764369217   0.24944302922208234
34.259720860653601   85.13034195381853   18.960541003920458   16.977473536096934   1.5104848493193428   0.25002483178433815
34.266833455733078   85.175487137919319   18.993786881559217   17.025989351411397   1.5149564943263643   0.25059488243606665
34.274041328068499   85.221168137894765   19.02718566326293   17.074180418192029   1.5192943489794173   0.25115470795912814
34.281343453152431   85.267377183319823   19.060729929289252   17.122046477667734   1.5235097249909397   0.25170556576203867
34.28873886311171   85.31410689504871   19.094412687140441   17.169587930494423   1.5276129079131644   0.25224849652076969
34.296226641177583   85.361350247885767   19.128227333629852   17.216805751450995   1.5316132487891292   0.25278436606661897
34.30380591684397   85.409100537875517   19.162167621469369   17.263701414875456   1.5355192482554407   0.25331389876348875
34.311475861611555   85.457351353527798   19.196227629720582   17.310276829305735   1.5393386335694437   0.25383770414482809
34.319235685233124   85.506096550411186   19.23040173756409   17.356534280043974   1.5430784290404005   0.25435629820823641
34.327084632389742   85.5553302286432   19.264684600931613   17.402476378570221   1.5467450203395727   0.2548701204721362
34.33502197973889   85.60504671288281   19.299071131619343   17.44810601790077   1.55034421315116   0.25537954766734133
34.343047033285259   85.655240534494112   19.333556478561068   17.493426333125456   1.5538812866075185   0.25588490475364534
34.351159126032393   85.70590641560139   19.368136010988998   17.538440666472638   1.5573610419299262   0.25638647380738044
34.359357615879908   85.757039254798514   19.402805303250915   17.583152536345548   1.5607878466718732   0.25688450121210393
34.367641883736212   85.808634114310408   19.437560121085884   17.627565609852439   1.5641656749365354   0.25737920349472587
34.376011331820862   85.860686208433492   19.472396409188743   17.671683678418841   1.567498143914549   0.25787077207843651
34.384465382134479   85.913190893106218   19.507310279916943   17.715510636125501   1.5707885470630085   0.25835937716773349
34.393003475077023   85.966143656480995   19.542298003012885   17.759050460462159   1.5740398842221852   0.2588451709365418
34.401625068197902   86.019540110385776   19.57735599623139   17.802307195226852   1.5772548889430684   0.25932829015538239
34.410329635063384   86.073375982578241   19.612480816775975   17.845284935333993   1.5804360532766468   0.25980885836582579
34.419116664228717   86.127647109707254   19.647669153459447   17.887987813323289   1.5835856502549712   0.26028698768852043
34.427985658303861   86.182349430907166   19.68291781951455   17.930419987386227   1.5867057542745233   0.26076278033370187
34.436936133103075   86.237478981959143   19.718223745989107   17.972585630748203   1.5897982595742484   0.26123632986930256
34.445967616869744   86.293031889961426   19.753583975667659   18.014488922262853   1.5928648969837889   0.26170772229084466
34.455079649568845   86.349004368457287   19.788995657468135   18.056134038091212   1.5959072491019179   0.26217703692860855
34.464271782240232   86.405392712974887   19.824456041267787   18.097525144352421   1.5989267640508746   0.26264434722065866
34.473543576406762   86.462193296938551   19.859962473117555   18.138666390644925   1.6019247679391631   0.26310972137480537
34.482894603531889   86.519402567915151   19.89551239080842   18.179561904348052   1.6049024761533517   0.26357322293819291
34.492324444521927   86.57701704416337   19.931103319757128   18.220215785623306   1.6078610035883882   0.26403491128969764
34.501832689268667   86.635033311456837   19.966732869181989   18.260632103043232   1.6108013739158977   0.26449484206751556
34.51141893622858   86.693448020155145   20.002398728542559   18.30081488978314   1.6137245279807475   0.26495306754206804
34.521082792035045   86.752257882499606   20.038098664219536   18.340768140317699   1.616631331407808   0.26540963694254704
34.530823871140619   86.811459670112669   20.073830516413636   18.380495807570256   1.6195225814932199   0.26586459674396412
34.540641795486486   86.871050211682316   20.109592196244321   18.420001800468096   1.622399013447557   0.26631799092039027
34.55053619419661   86.931026390814438   20.14538168303104   18.459289981861549   1.6252613060519765   0.26676986116912099
34.560506703294315   86.991385144037835   20.181197021741461   18.498364166769075   1.6281100867827278   0.26722024710972442
34.570552965439283   87.052123458948259   20.21703632059252   18.537228120914278   1.6309459364541994   0.26766918646129839
34.580674629683067   87.113238372478861   20.252897748791572   18.575885559524128   1.6337693934259645   0.26811671520074437
34.590871351241553   87.174726969285985   20.288779534406096   18.614340146360828   1.6365809574150159   0.26856286770444071
34.601142791282797   87.236586380239999   20.324679962351482   18.652595492962408   1.6393810929504917   0.26900767687534483
34.611488616728892   87.298813781012171   20.360597372487419   18.690655158069653   1.6421702325046861   0.26945117425726428
34.621908500070646   87.361406390749039   20.396530157814315   18.728522647219151   1.6449487793309394   0.2698933901377919
34.632402119193976   87.424361470827066   20.432476762761898   18.766201412484303   1.6477171100361219   0.2703343536411984
34.64296915721701   87.487676323680461   20.468435681562941   18.803694852347871   1.650475576912799   0.27077409281240405
34.653609302336918   87.551348291696215   20.504405456705662   18.841006311691309   1.6532245100537986   0.27121263469300705
34.664322247685767   87.615374756170723   20.540384677458938   18.8781390818876   1.6559642192697466   0.27165000539022321
34.675107691194555   87.679753136322788   20.576371978464994   18.915096400985565   1.658694995828196   0.27208623013948707
34.685965335464758   87.744480888358595   20.612366038394725   18.951881453974909   1.6614171140312055   0.2725213333613753
34.696894887646842   87.809555504584381   20.648365578661224   18.988497373122261   1.6641308326466309   0.27295533871343541
34.707896059325094   87.874974512562986   20.684369362187486   19.02494723836946   1.6668363962069477   0.27338826913743636
34.718968566408321   87.940735474310927   20.720376192224613   19.061234077786256   1.669534036188111   0.27382014690249962
34.730112129025919   88.00683598553276   20.756384911217143   19.097360868070304   1.6722239720797745   0.27425099364451877
34.741326471428934   88.073273674890046   20.79239439971245   19.13333053508812   1.6749064123571193   0.27468083040223168
34.752611321895714   88.140046203302163   20.82840357531142   19.169145954451299   1.6775815553635718   0.2751096776502695
34.763966412641778   88.207151263276671   20.864411391657804   19.204809952122798   1.6802495901128056   0.27553755532947455
34.775391479733642   88.274586578267161   20.900416837463929   19.240325305048771   1.6829106970176362   0.27596448287474634
34.786886263006281   88.342349902056526   20.936418935570583   19.275694741811737   1.6855650485526843   0.27639047924065063
34.798450505983951   88.41043901816397   20.972416742039115   19.310920943301426   1.6882128098570433   0.27681556292500115
34.810083955804181   88.478851739274049   21.008409345273936   19.346006543399984   1.690854139282588   0.27723975199060308
34.821786363144668   88.547585906686294   21.044395865173712   19.380954129678557   1.6934891888930295   0.27766306408532831
34.833557482152912   88.616639389784112   21.080375452309777   19.415766244102599   1.69611810491834   0.27808551646067609
34.845397070378418   88.686010085521687   21.116347287130303   19.450445383743574   1.6987410281687301   0.27850712598895694
34.857304888707219   88.75569591792771   21.15231057918891   19.48499400149489   1.7013580944119662   0.278927909179225
34.869280701298685   88.825694837624994   21.188264566396569   19.519414506790227   1.7039694347174577   0.27934788219207085
34.88132427552442   88.896004821364969   21.224208514295608   19.553709266322585   1.7065751757702177   0.2797670608533776
34.893435381909093   88.966623871576232   21.260141715354862   19.587880604762546   1.7091754401575083   0.28018546066713107
34.905613794073147   89.037550015926271   21.296063488284943   19.621930805474484   1.7117703466307159   0.28060309682736845
34.917859288677228   89.10878130689575   21.331973177372795   19.655862111229524   1.7143600103447572   0.2810199842293396
34.93017164536829   89.180315821364601   21.367870151834673   19.68967672491425   1.7169445430771064   0.2814361374799505
34.942550646727241   89.252151660209321   21.403753805186795   19.723376810234281   1.7195240534283298   0.2818515709075492
34.954996078218052   89.324286947910949   21.439623554632959   19.756964492411907   1.7220986470058379   0.28226629857111152
34.96750772813828   89.396719832173105   21.475478840468412   19.790441858877106   1.7246684265924062   0.28268033426887618
34.980085387570917   89.469448483549726   21.511319125499416   19.823810959951384   1.7272334923008645   0.28309369154647596
34.9927288503375   89.542471095081979   21.547143894477855   19.857073809523889   1.7297939417162278   0.2835063837046064
35.005437912952416   89.615785881943879   21.582952653550393   19.890232385719369   1.7323498700264164   0.28391842380626969
35.018212374578383   89.689391081096431   21.618744929721615   19.923288631557625   1.7349013701426097   0.28432982468362866
35.031052036982992   89.763284950949682   21.654520270330721   19.956244455604136   1.737448532810177   0.28474059894450143
