0
0.001008863
0.000653797
0.000680843
0.000920601
0.000144059
0.000438199
0.000347416
1.38787E-05
0.000181796
0.000103465
2.31915E-05
6.09242E-05
0.000146769
0.000461221
0.000503708
0.000164649
0.000138098
0.000137499
2.96421E-05
0.000122384
8.20816E-05
5.21852E-06
2.30558E-05
4.9485E-06
1.64531E-05
1.79428E-05
7.67586E-06
7.2316E-07
9.17509E-07
3.76306E-06
4.79364E-06
3.94885E-06
2.88755E-06
2.75851E-06
3.02601E-06
3.41001E-06
3.44929E-06
3.27372E-06
3.38361E-06
3.4363E-06
3.52232E-06
3.66331E-06
3.65492E-06
3.7315E-06
3.77289E-06
3.91681E-06
3.88048E-06
4.03245E-06
4.23937E-06
4.54391E-06
4.86179E-06
5.0683E-06
5.44209E-06
5.86531E-06
6.21828E-06
6.56591E-06
6.98361E-06
7.33904E-06
7.69296E-06
8.01086E-06
8.29751E-06
8.63517E-06
8.78409E-06
8.83496E-06
8.77002E-06
8.9486E-06
9.14167E-06
9.34666E-06
9.27302E-06
9.243E-06
6.30803E-06
1.29465E-06
2.8391E-06
2.12696E-06
5.38217E-06
3.77256E-06
9.77161E-07
2.24261E-07
1.19821E-06
1.86613E-06
1.56595E-06
1.06389E-06
8.02952E-07
8.89027E-07
9.49618E-07
7.79405E-07
7.04987E-07
4.79333E-07
4.74898E-07
3.95902E-07
3.47425E-07
1.29547E-07
1.09096E-07
7.06407E-09
1.24489E-07
2.81188E-07
3.65106E-07
4.05087E-07
5.97703E-07
6.34486E-07
7.66571E-07
9.34312E-07
1.11269E-06
1.12305E-06
1.3138E-06
1.3146E-06
1.59199E-06
1.68526E-06
1.77228E-06
1.96723E-06
1.97458E-06
2.14822E-06
2.281E-06
2.49713E-06
2.57247E-06
2.65539E-06
2.76339E-06
2.97876E-06
3.12317E-06
3.15653E-06
3.22093E-06
3.43825E-06
3.50566E-06
3.56606E-06
3.72684E-06
3.92582E-06
3.93732E-06
4.05258E-06
4.18916E-06
4.23452E-06
4.38392E-06
4.41206E-06
4.54304E-06
4.6113E-06
4.77872E-06
4.80609E-06
4.88432E-06
4.91545E-06
5.03927E-06
5.11126E-06
5.0436E-06
5.14194E-06
5.22329E-06
5.30938E-06
5.26989E-06
5.33965E-06
5.41326E-06
5.38815E-06
5.50814E-06
5.48619E-06
5.58987E-06
5.61997E-06
5.68065E-06
5.65262E-06
5.68112E-06
5.62533E-06
5.66372E-06
5.56735E-06
5.55166E-06
5.54725E-06
5.52402E-06
5.65452E-06
5.61418E-06
5.45825E-06
5.4513E-06
5.54799E-06
5.39817E-06
5.40061E-06
5.48682E-06
5.47974E-06
5.45397E-06
5.3972E-06
5.39496E-06
5.29026E-06
5.2161E-06
5.25399E-06
5.26647E-06
5.25307E-06
5.18193E-06
5.1707E-06
5.14258E-06
5.1801E-06
5.00561E-06
5.03456E-06
4.98325E-06
4.92139E-06
4.92599E-06
4.90894E-06
4.96804E-06
4.86392E-06
4.8962E-06
4.70708E-06
4.74418E-06
4.75096E-06
4.66616E-06
4.61683E-06
4.54357E-06
4.51522E-06
4.51487E-06
4.39916E-06
4.38354E-06
4.30945E-06
4.31431E-06
4.28471E-06
4.18839E-06
4.23661E-06
4.17807E-06
4.16871E-06
4.0732E-06
3.99183E-06
4.09103E-06
4.08639E-06
3.94934E-06
3.91582E-06
3.97163E-06
3.86211E-06
3.80091E-06
3.78153E-06
3.76163E-06
3.67204E-06
3.59964E-06
3.62015E-06
3.63012E-06
3.52724E-06
3.56445E-06
3.4809E-06
3.37833E-06
3.37439E-06
3.25543E-06
3.17624E-06
3.13717E-06
3.1591E-06
3.10892E-06
3.04844E-06
3.05925E-06
3.06731E-06
3.01666E-06
2.86832E-06
2.9483E-06
2.89881E-06
2.7244E-06
2.79055E-06
2.77467E-06
2.71213E-06
2.64569E-06
2.62411E-06
2.52627E-06
2.40909E-06
2.50642E-06
2.35514E-06
2.36538E-06
2.24861E-06
2.23889E-06
2.21954E-06
2.24628E-06
2.19779E-06
2.12444E-06
2.07359E-06
2.08934E-06
2.03792E-06
1.95676E-06
1.87989E-06
1.838E-06
1.85853E-06
1.79117E-06
1.83164E-06
1.82359E-06
1.78234E-06
1.72038E-06
1.64747E-06
1.57094E-06
1.6724E-06
1.61637E-06
1.61086E-06
1.55514E-06
1.41492E-06
1.42664E-06
1.43077E-06
1.42587E-06
1.42194E-06
1.28948E-06
1.3013E-06
1.27231E-06
1.26359E-06
1.2335E-06
1.20645E-06
1.26195E-06
1.17015E-06
1.24485E-06
1.09955E-06
1.19278E-06
1.23107E-06
1.1882E-06
1.10259E-06
1.22402E-06
1.11411E-06
1.19055E-06
1.30705E-06
1.25579E-06
1.27471E-06
1.33532E-06
1.30249E-06
1.2684E-06
1.3641E-06
1.39804E-06
1.36871E-06
1.45577E-06
1.49011E-06
1.47266E-06
1.57202E-06
1.60078E-06
1.54019E-06
1.54312E-06
1.58955E-06
1.66654E-06
1.77452E-06
1.76011E-06
1.67245E-06
1.77109E-06
1.83664E-06
1.70204E-06
1.78359E-06
1.69401E-06
1.81913E-06
1.75611E-06
1.71499E-06
1.82783E-06
1.80625E-06
1.81863E-06
1.79814E-06
1.622E-06
1.63874E-06
1.62669E-06
1.66924E-06
1.63549E-06
1.53203E-06
1.5059E-06
1.49889E-06
1.42434E-06
1.3438E-06
1.29503E-06
1.29415E-06
1.33772E-06
1.23053E-06
1.11002E-06
1.09974E-06
1.13705E-06
9.74905E-07
1.05421E-06
9.38427E-07
8.82253E-07
7.88612E-07
7.32522E-07
7.88527E-07
6.84091E-07
6.71315E-07
6.58025E-07
5.57213E-07
4.62274E-07
4.74125E-07
3.54328E-07
3.96038E-07
3.81013E-07
2.76378E-07
2.35283E-07
2.49633E-07
1.50656E-07
1.31061E-07
4.96867E-08
4.65655E-08
7.7297E-08
2.49378E-08
8.98775E-08
1.40701E-08
2.80225E-08
1.75039E-07
1.37913E-07
1.08345E-07
2.65836E-07
2.56503E-07
2.35248E-07
1.69775E-07
1.86732E-07
2.22636E-07
3.69544E-07
3.52247E-07
2.21438E-07
3.5226E-07
2.27802E-07
3.48581E-07
3.22337E-07
2.53249E-07
2.21569E-07
2.84504E-07
3.03845E-07
2.94513E-07
2.52575E-07
3.30497E-07
3.1843E-07
1.66664E-07
1.6091E-07
2.30196E-07
1.22215E-07
9.87825E-08
7.01295E-08
1.16667E-07
1.43434E-07
5.46687E-08
1.01511E-07
1.59606E-08
5.1743E-08
5.52875E-08
4.67463E-08
8.14936E-09
2.21279E-08
1.68458E-07
1.77706E-07
1.2455E-07
2.54761E-07
2.92697E-07
3.07962E-07
3.69416E-07
3.72561E-07
3.86492E-07
4.81269E-07
3.8225E-07
5.09491E-07
5.93227E-07
5.40123E-07
6.06791E-07
7.07899E-07
5.89801E-07
6.96184E-07
7.84017E-07
7.89199E-07
8.26789E-07
8.45258E-07
7.99756E-07
8.25274E-07
8.90876E-07
9.7284E-07
1.05479E-06
9.54902E-07
1.01759E-06
1.07615E-06
1.14444E-06
1.24405E-06
1.23142E-06
1.14365E-06
1.19843E-06
1.27559E-06
1.26281E-06
1.40119E-06
1.42134E-06
1.40729E-06
1.45093E-06
1.4793E-06
1.42738E-06
1.58347E-06
1.55304E-06
1.64032E-06
1.63947E-06
1.52539E-06
1.62629E-06
1.58791E-06
1.75458E-06
1.7883E-06
1.70445E-06
1.69915E-06
1.80405E-06
1.71392E-06
1.82191E-06
1.83918E-06
1.83018E-06
1.86751E-06
1.85942E-06
1.89482E-06
1.89823E-06
1.9747E-06
2.06488E-06
1.94495E-06
2.08874E-06
2.1158E-06
1.99836E-06
2.06112E-06
2.11923E-06
2.1678E-06
2.20941E-06
2.08169E-06
2.14655E-06
2.25608E-06
2.26953E-06
2.22546E-06
2.16933E-06
2.15344E-06
2.23677E-06
2.3127E-06
2.28119E-06
2.22087E-06
2.38895E-06
2.36006E-06
2.40388E-06
2.2796E-06
2.26899E-06
2.3154E-06
2.36805E-06
2.38199E-06
2.31795E-06
2.48655E-06
2.3434E-06
2.38225E-06
2.41381E-06
2.42626E-06
2.41304E-06
2.37276E-06
2.48118E-06
2.40297E-06
2.49593E-06
2.43459E-06
2.41438E-06
2.46343E-06
2.44252E-06
2.56098E-06
2.51672E-06
2.52799E-06
2.47343E-06
2.57984E-06
2.5624E-06
2.48424E-06
2.58443E-06
2.59025E-06
2.57663E-06
2.62229E-06
2.46589E-06
2.53718E-06
2.58197E-06
2.52141E-06
2.6237E-06
2.47298E-06
2.51577E-06
2.51438E-06
2.57786E-06
2.47458E-06
2.49122E-06
2.57369E-06
2.49886E-06
2.56158E-06
2.544E-06
2.57427E-06
2.61127E-06
2.44449E-06
2.55264E-06
2.558E-06
2.60019E-06
2.47747E-06
2.50525E-06
2.48575E-06
2.56646E-06
2.55333E-06
2.42576E-06
2.5081E-06
2.43973E-06
2.54818E-06
2.47593E-06
2.38179E-06
2.42596E-06
2.42674E-06
2.37531E-06
2.43569E-06
2.42987E-06
2.35259E-06
2.37123E-06
2.31105E-06
2.34145E-06
2.28966E-06
2.32693E-06
2.28229E-06
2.32868E-06
2.2968E-06
2.36117E-06
2.354E-06
2.27976E-06
2.31509E-06
2.29432E-06
2.22389E-06
2.28237E-06
2.30595E-06
2.3029E-06
2.28206E-06
2.25281E-06
2.22507E-06
2.20928E-06
2.21639E-06
2.08644E-06
2.17419E-06
2.14923E-06
2.19583E-06
2.15591E-06
2.04326E-06
2.04345E-06
1.99969E-06
2.09838E-06
2.01217E-06
2.09956E-06
2.03399E-06
2.00328E-06
2.02425E-06
1.94267E-06
1.9473E-06
1.88449E-06
1.9435E-06
1.97115E-06
1.98582E-06
1.83475E-06
1.87924E-06
1.96678E-06
1.945E-06
1.83289E-06
1.82072E-06
1.75623E-06
1.82965E-06
1.88861E-06
1.78066E-06
1.69571E-06
1.82347E-06
1.83972E-06
1.76246E-06
1.78064E-06
1.7404E-06
1.65874E-06
1.72346E-06
1.60824E-06
1.67113E-06
1.5848E-06
1.70614E-06
1.70664E-06
1.59951E-06
1.56843E-06
1.62515E-06
1.60946E-06
1.53147E-06
1.57162E-06
1.56709E-06
1.52526E-06
1.45255E-06
1.52545E-06
1.57714E-06
1.43969E-06
1.4574E-06
1.46003E-06
1.44724E-06
1.41745E-06
1.53889E-06
1.46517E-06
1.36187E-06
1.39316E-06
1.37962E-06
1.48259E-06
1.34866E-06
1.47833E-06
1.34414E-06
1.44346E-06
1.41681E-06
1.41624E-06
1.42114E-06
1.40927E-06
1.35669E-06
1.40883E-06
1.36732E-06
1.37413E-06
1.39847E-06
1.40776E-06
1.36767E-06
1.24204E-06
1.33495E-06
1.26462E-06
1.33142E-06
1.32092E-06
1.35879E-06
1.22687E-06
1.21808E-06
1.28148E-06
1.36425E-06
1.2407E-06
1.19616E-06
1.34306E-06
1.27907E-06
1.28377E-06
1.29291E-06
1.24035E-06
1.22898E-06
1.18883E-06
1.21896E-06
1.2456E-06
1.19309E-06
1.32569E-06
1.22214E-06
1.31383E-06
1.17576E-06
1.23553E-06
1.23533E-06
1.25725E-06
1.21067E-06
1.34488E-06
1.22384E-06
1.26408E-06
1.19682E-06
1.26409E-06
1.19355E-06
1.22369E-06
1.24948E-06
1.33504E-06
1.20106E-06
1.24985E-06
1.19869E-06
1.27564E-06
1.36544E-06
1.35115E-06
1.28503E-06
1.21766E-06
1.36882E-06
1.27346E-06
1.31894E-06
1.37863E-06
1.32435E-06
1.36796E-06
1.37817E-06
1.39298E-06
1.2781E-06
1.41006E-06
1.31006E-06
1.35167E-06
1.39473E-06
1.29765E-06
1.42967E-06
1.30488E-06
1.46047E-06
1.40781E-06
1.33985E-06
1.44822E-06
1.411E-06
1.41719E-06
1.48374E-06
1.45561E-06
1.34723E-06
1.51318E-06
1.45331E-06
1.51975E-06
1.38065E-06
1.38575E-06
1.54226E-06
1.51484E-06
1.4791E-06
1.43886E-06
1.56749E-06
1.52528E-06
1.48348E-06
1.4416E-06
1.56878E-06
1.52119E-06
1.46597E-06
1.56927E-06
1.48433E-06
1.54603E-06
1.57639E-06
1.56717E-06
1.50924E-06
1.56318E-06
1.5475E-06
1.62109E-06
1.60078E-06
1.64382E-06
1.56546E-06
1.69195E-06
1.66642E-06
1.64303E-06
1.60461E-06
1.70389E-06
1.58113E-06
1.72884E-06
1.61541E-06
1.732E-06
1.71633E-06
1.71718E-06
1.71219E-06
1.67844E-06
1.76297E-06
1.77119E-06
1.67855E-06
1.80104E-06
1.77204E-06
1.73601E-06
1.83699E-06
1.70697E-06
1.83012E-06
1.83762E-06
1.87179E-06
1.73354E-06
1.73493E-06
1.84666E-06
1.86861E-06
1.77082E-06
1.86401E-06
1.77667E-06
1.81892E-06
1.78921E-06
1.82667E-06
1.89974E-06
1.80617E-06
1.85491E-06
1.84332E-06
1.9095E-06
1.8505E-06
1.97455E-06
1.90799E-06
1.95878E-06
1.92347E-06
1.9394E-06
1.97336E-06
1.99211E-06
1.96234E-06
2.02112E-06
1.96465E-06
1.92994E-06
2.05401E-06
1.96264E-06
1.96328E-06
2.02256E-06
1.93679E-06
2.01351E-06
2.04913E-06
2.01055E-06
2.03513E-06
2.08993E-06
1.97177E-06
1.98867E-06
2.10806E-06
1.95679E-06
2.01362E-06
2.07607E-06
2.11217E-06
2.09013E-06
1.97834E-06
2.08605E-06
2.04138E-06
2.15398E-06
2.05241E-06
2.04677E-06
2.10672E-06
2.03185E-06
2.13297E-06
2.03987E-06
2.06384E-06
2.17585E-06
2.17682E-06
2.03829E-06
2.07265E-06
2.0817E-06
2.03787E-06
2.08416E-06
2.19359E-06
2.16926E-06
2.15512E-06
2.12519E-06
2.05381E-06
2.08596E-06
2.19665E-06
2.19103E-06
2.04485E-06
2.07473E-06
2.08687E-06
2.05812E-06
2.13592E-06
2.12764E-06
2.18146E-06
2.10551E-06
2.04875E-06
2.16051E-06
2.07988E-06
2.12719E-06
2.11253E-06
2.1868E-06
2.16092E-06
2.18658E-06
2.07551E-06
2.1504E-06
2.05361E-06
2.10864E-06
2.12886E-06
2.09824E-06
2.17132E-06
2.16273E-06
2.05767E-06
2.18211E-06
2.18175E-06
2.04306E-06
2.09325E-06
2.14943E-06
2.0292E-06
2.06098E-06
2.06317E-06
2.02477E-06
2.10529E-06
2.12442E-06
2.07239E-06
2.10998E-06
2.05812E-06
2.07842E-06
1.99267E-06
2.1334E-06
2.15311E-06
2.04493E-06
2.14265E-06
2.09999E-06
2.08144E-06
2.08177E-06
2.09615E-06
2.12018E-06
1.97974E-06
2.01139E-06
2.04185E-06
2.06828E-06
2.08826E-06
2.09977E-06
2.10116E-06
2.09118E-06
2.06897E-06
2.03404E-06
1.98629E-06
1.92601E-06
2.0239E-06
1.94087E-06
2.01844E-06
1.91828E-06
1.9826E-06
2.04387E-06
1.9349E-06
1.99897E-06
1.8996E-06
1.98076E-06
1.90666E-06
1.85194E-06
1.99158E-06
1.99083E-06
1.85532E-06
1.93105E-06
1.88427E-06
1.89162E-06
1.96003E-06
1.92676E-06
1.79938E-06
1.92577E-06
1.80413E-06
1.78295E-06
1.87103E-06
1.90746E-06
1.90165E-06
1.86326E-06
1.80227E-06
1.8989E-06
1.82373E-06
1.75753E-06
1.88133E-06
1.86655E-06
1.72479E-06
1.80783E-06
1.78787E-06
1.84723E-06
1.82858E-06
1.74477E-06
1.77886E-06
1.77422E-06
1.74443E-06
1.70327E-06
1.66477E-06
1.64315E-06
1.65287E-06
1.70859E-06
1.65524E-06
1.67781E-06
1.62167E-06
1.67219E-06
1.6751E-06
1.64624E-06
1.60164E-06
1.55751E-06
1.70011E-06
1.70618E-06
1.59242E-06
1.54563E-06
1.58281E-06
1.55126E-06
1.6382E-06
1.52131E-06
1.558E-06
1.59614E-06
1.48371E-06
1.57851E-06
1.5589E-06
1.61303E-06
1.5894E-06
1.50649E-06
1.55278E-06
1.57709E-06
1.42837E-06
1.46524E-06
1.53682E-06
1.49235E-06
1.52083E-06
1.47167E-06
1.53403E-06
1.38762E-06
1.39159E-06
1.39564E-06
1.41935E-06
1.48237E-06
1.43457E-06
1.46556E-06
1.42528E-06
1.3336E-06
1.38023E-06
1.41527E-06
1.45868E-06
1.3606E-06
1.31089E-06
1.32958E-06
1.2669E-06
1.31273E-06
1.31735E-06
1.30084E-06
1.28331E-06
1.28484E-06
1.32555E-06
1.25571E-06
1.26523E-06
1.20437E-06
1.263E-06
1.29138E-06
1.30952E-06
1.33744E-06
1.22533E-06
1.33272E-06
1.17017E-06
1.26694E-06
1.3033E-06
1.29907E-06
1.27402E-06
1.24789E-06
1.24036E-06
1.27105E-06
1.18978E-06
1.18585E-06
1.10895E-06
1.14826E-06
1.15336E-06
1.14355E-06
1.13803E-06
1.15596E-06
1.21642E-06
1.16865E-06
1.20135E-06
1.16362E-06
1.07422E-06
1.12162E-06
1.15466E-06
1.02214E-06
1.08198E-06
1.01304E-06
1.17308E-06
1.07103E-06
1.06447E-06
1.00162E-06
1.07011E-06
1.11798E-06
9.93203E-07
1.05281E-06
9.74824E-07
1.11608E-06
9.84662E-07
1.10691E-06
9.90718E-07
9.92464E-07
9.59264E-07
1.07755E-06
1.02451E-06
9.86349E-07
9.7944E-07
1.02004E-06
9.546E-07
9.68839E-07
9.08962E-07
9.60455E-07
9.69283E-07
9.50988E-07
9.2099E-07
8.94586E-07
8.86948E-07
9.13121E-07
9.88026E-07
9.56772E-07
1.00372E-06
9.73711E-07
8.81178E-07
9.10082E-07
9.04901E-07
8.79663E-07
8.4827E-07
9.94166E-07
9.91641E-07
8.54211E-07
9.34598E-07
9.06709E-07
9.53334E-07
9.17793E-07
8.12948E-07
8.21187E-07
9.55102E-07
8.8784E-07
8.01395E-07
8.77624E-07
7.8929E-07
8.87641E-07
8.45182E-07
8.43245E-07
8.93379E-07
8.37357E-07
8.56115E-07
7.91169E-07
8.23193E-07
7.93447E-07
8.82344E-07
7.61253E-07
7.79967E-07
7.79239E-07
7.69331E-07
7.6038E-07
7.62397E-07
7.85264E-07
8.38742E-07
7.6284E-07
7.36695E-07
7.69693E-07
8.71098E-07
8.80431E-07
8.06717E-07
8.28474E-07
7.84864E-07
8.54163E-07
7.05688E-07
8.56697E-07
8.06664E-07
7.33391E-07
8.1456E-07
7.18916E-07
7.93516E-07
7.06885E-07
8.05846E-07
7.58706E-07
7.42463E-07
7.64404E-07
8.31707E-07
7.81849E-07
7.91387E-07
6.97588E-07
6.76795E-07
7.35655E-07
7.11124E-07
7.79232E-07
7.76735E-07
7.09876E-07
7.54378E-07
7.46703E-07
6.92799E-07
7.68093E-07
8.08762E-07
6.50893E-07
8.08778E-07
7.7917E-07
7.37028E-07
6.87649E-07
8.05805E-07
7.5748E-07
7.17274E-07
6.90134E-07
6.80921E-07
6.94414E-07
7.35308E-07
6.38663E-07
7.48128E-07
7.29047E-07
7.55356E-07
6.61803E-07
6.2217E-07
6.40608E-07
7.21197E-07
6.98395E-07
7.45687E-07
6.97395E-07
7.26862E-07
6.68275E-07
6.94842E-07
6.4062E-07
6.78685E-07
6.4297E-07
7.06422E-07
7.02855E-07
6.35559E-07
6.77299E-07
6.61716E-07
5.9193E-07
6.40531E-07
6.41E-07
5.96292E-07
6.78837E-07
7.21962E-07
7.2847E-07
7.01118E-07
6.42612E-07
7.25134E-07
6.12261E-07
6.456E-07
6.58163E-07
6.52434E-07
6.30859E-07
5.95843E-07
7.19263E-07
6.64425E-07
6.03132E-07
7.07144E-07
6.39669E-07
5.724E-07
6.76993E-07
6.16562E-07
5.62702E-07
6.86973E-07
6.52406E-07
6.30505E-07
6.23247E-07
6.3258E-07
6.60432E-07
7.08701E-07
6.09775E-07
7.04492E-07
6.55702E-07
6.34712E-07
6.43313E-07
6.8328E-07
5.86884E-07
6.94834E-07
6.69886E-07
6.8323E-07
5.67079E-07
6.62074E-07
6.3092E-07
6.44753E-07
5.35737E-07
6.44458E-07
6.33586E-07
6.74211E-07
5.98464E-07
5.77417E-07
6.12659E-07
5.36305E-07
5.19406E-07
5.63533E-07
5.00792E-07
5.02216E-07
5.69369E-07
5.3435E-07
5.68184E-07
5.02971E-07
5.09731E-07
5.90024E-07
5.75955E-07
6.38546E-07
6.09906E-07
4.91608E-07
6.2413E-07
5.00691E-07
6.31226E-07
5.08973E-07
4.74422E-07
5.2917E-07
5.05376E-07
5.74098E-07
5.67509E-07
4.8724E-07
5.0437E-07
6.20541E-07
4.9853E-07
4.7888E-07
5.63266E-07
5.83935E-07
5.42585E-07
6.1036E-07
4.50112E-07
5.71873E-07
4.6909E-07
4.82386E-07
4.441E-07
5.25447E-07
5.58796E-07
5.4596E-07
4.88769E-07
5.58489E-07
5.87554E-07
5.77835E-07
5.31223E-07
4.49622E-07
5.04373E-07
5.27992E-07
5.22433E-07
4.89667E-07
4.31681E-07
5.19895E-07
4.17501E-07
4.65366E-07
4.96135E-07
5.1188E-07
5.14697E-07
5.06696E-07
4.90008E-07
4.66779E-07
4.39176E-07
4.09386E-07
3.7961E-07
5.21477E-07
4.98418E-07
4.821E-07
4.74802E-07
4.78822E-07
4.96478E-07
3.6071E-07
4.1267E-07
4.85334E-07
4.11704E-07
3.63588E-07
5.12815E-07
3.53657E-07
3.96765E-07
4.75238E-07
4.22195E-07
4.0956E-07
4.39879E-07
3.46335E-07
4.7029E-07
4.75576E-07
3.64821E-07
4.79439E-07
4.83326E-07
3.79165E-07
3.39041E-07
3.65672E-07
4.61797E-07
4.60792E-07
3.65435E-07
3.47898E-07
4.10991E-07
3.88168E-07
4.51652E-07
4.34934E-07
3.40898E-07
3.41816E-07
4.40607E-07
3.01462E-07
4.35446E-07
3.37418E-07
3.49102E-07
3.04131E-07
3.74892E-07
3.95052E-07
3.67662E-07
2.95788E-07
3.51878E-07
3.69664E-07
3.5226E-07
3.02794E-07
3.93769E-07
2.89623E-07
3.32246E-07
3.55465E-07
3.6248E-07
3.56505E-07
3.40768E-07
3.18511E-07
2.92985E-07
2.6746E-07
2.45215E-07
2.2954E-07
2.23742E-07
2.31135E-07
2.55048E-07
2.9882E-07
3.65801E-07
2.90007E-07
2.44158E-07
2.31637E-07
2.55837E-07
3.20162E-07
2.5868E-07
2.44159E-07
2.80032E-07
2.00397E-07
1.78047E-07
2.16439E-07
3.1904E-07
3.19987E-07
2.22763E-07
2.00197E-07
2.55786E-07
2.23698E-07
2.7678E-07
2.49215E-07
3.13863E-07
3.04919E-07
2.25922E-07
2.49743E-07
2.10598E-07
2.81369E-07
2.96282E-07
2.589E-07
1.72787E-07
2.1084E-07
2.07303E-07
1.65754E-07
2.59097E-07
1.52263E-07
1.87488E-07
1.99034E-07
1.90489E-07
1.65447E-07
1.27499E-07
2.49561E-07
1.96587E-07
1.41494E-07
2.57197E-07
2.08658E-07
1.68791E-07
1.41195E-07
1.29467E-07
1.37202E-07
1.67997E-07
2.25447E-07
1.43831E-07
9.60559E-08
8.57114E-08
1.16385E-07
1.91663E-07
1.4582E-07
1.51745E-07
2.13018E-07
1.63906E-07
1.77288E-07
8.74267E-08
6.71925E-08
1.20146E-07
8.05388E-08
1.21228E-07
7.64563E-08
1.19071E-07
8.33082E-08
1.42001E-07
1.29377E-07
4.89574E-08
7.35591E-08
3.73925E-08
1.1326E-07
1.35361E-07
1.07188E-07
3.22248E-08
8.3246E-08
9.44254E-08
6.92271E-08
1.11077E-08
9.28089E-08
1.48477E-07
1.22542E-08
2.61492E-08
2.42865E-08
1.00743E-08
1.56202E-07
1.27481E-07
9.65838E-08
6.68834E-08
4.17439E-08
2.452E-08
1.85571E-08
2.7191E-08
5.37475E-08
1.01543E-07
4.59994E-09
1.04783E-07
6.68101E-08
6.32418E-08
9.73425E-08
3.086E-09
1.22279E-07
1.19593E-07
1.74814E-09
1.00026E-07
8.95577E-08
2.99627E-08
8.31985E-08
9.36529E-08
4.55657E-09
1.16702E-08
4.81046E-08
1.77259E-08
6.95772E-08
3.74815E-08
9.37969E-08
7.23236E-08
2.38771E-08
2.24846E-08
7.95364E-08
5.33313E-08
8.97355E-08
3.92586E-09
3.07661E-08
3.96121E-09
7.35266E-08
2.94802E-08
3.02315E-08
7.2856E-08
1.48231E-08
6.64379E-08
8.43909E-08
7.30036E-08
3.36872E-08
3.02285E-08
5.33527E-08
5.12735E-08
2.77522E-09
3.23801E-08
5.69743E-08
9.54846E-08
8.37201E-08
7.42505E-08
6.43467E-08
5.12923E-08
3.23844E-08
4.93317E-09
3.37381E-08
8.29637E-08
1.38749E-08
9.48702E-08
1.51853E-08
1.96071E-08
2.73947E-08
5.59263E-09
1.20882E-07
3.21982E-08
7.55007E-08
7.90043E-08
4.01896E-08
1.25801E-07
5.15756E-09
1.6665E-08
8.8809E-08
1.3956E-07
1.33146E-07
6.71387E-08
1.08368E-07
8.51824E-08
4.80846E-09
5.26305E-09
1.1303E-07
1.46893E-07
1.04512E-07
1.52804E-07
1.20207E-07
4.42013E-09
1.41637E-07
2.18495E-08
1.50519E-07
1.76657E-08
1.28771E-07
1.43123E-07
5.85034E-08
4.19465E-08
9.12579E-08
3.50155E-08
4.02884E-08
1.04917E-07
5.75158E-08
6.51877E-08
1.25808E-07
6.80283E-08
5.89834E-08
9.65836E-08
1.7875E-07
1.34181E-07
1.30054E-07
1.64326E-07
6.57284E-08
1.70705E-07
1.38777E-07
1.37176E-07
1.63912E-07
4.77734E-08
1.25253E-07
5.59297E-08
1.76316E-07
1.46014E-07
1.32326E-07
1.33333E-07
1.47129E-07
1.71815E-07
3.62773E-08
7.70924E-08
1.23165E-07
1.72636E-07
5.44327E-08
1.05167E-07
1.53783E-07
1.98462E-07
6.81679E-08
9.95481E-08
1.21586E-07
1.32498E-07
1.3051E-07
1.13857E-07
8.07826E-08
1.9876E-07
1.27606E-07
2.04035E-07
8.78807E-08
1.15872E-07
1.17082E-07
8.98151E-08
2.016E-07
1.12319E-07
1.58736E-07
1.69966E-07
1.44355E-07
8.02515E-08
1.45231E-07
1.68443E-07
1.4826E-07
8.30635E-08
1.40457E-07
1.4962E-07
1.08955E-07
1.86086E-07
2.10216E-07
1.79768E-07
9.3172E-08
1.18079E-07
8.372E-08
1.57757E-07
1.69435E-07
1.17217E-07
1.68785E-07
1.53404E-07
2.38765E-07
8.49384E-08
1.98047E-07
2.38172E-07
2.0382E-07
9.35027E-08
2.44156E-07
1.46678E-07
1.38015E-07
2.167E-07
2.12066E-07
1.22661E-07
1.1624E-07
1.9136E-07
1.77376E-07
2.4206E-07
2.14778E-07
2.63313E-07
2.1704E-07
2.4375E-07
1.7283E-07
1.72079E-07
2.40097E-07
2.06287E-07
2.38459E-07
1.66027E-07
1.56808E-07
2.09427E-07
1.53307E-07
1.56282E-07
2.16985E-07
1.64855E-07
1.67736E-07
2.24274E-07
1.6392E-07
1.54529E-07
1.94757E-07
1.1407E-07
2.49529E-07
2.61406E-07
1.48377E-07
2.47509E-07
2.19091E-07
2.31001E-07
2.81926E-07
2.01359E-07
1.57189E-07
1.48113E-07
1.72829E-07
2.30038E-07
1.49253E-07
2.6757E-07
2.45311E-07
2.50385E-07
2.81508E-07
1.68208E-07
2.47592E-07
1.8E-07
1.33352E-07
2.7557E-07
2.67004E-07
2.75581E-07
3.00039E-07
1.69928E-07
2.22372E-07
2.86924E-07
1.93145E-07
2.78161E-07
2.02348E-07
3.02837E-07
2.40008E-07
1.81808E-07
2.96186E-07
2.4353E-07
1.91792E-07
3.08927E-07
2.5533E-07
1.98959E-07
3.07773E-07
2.42177E-07
1.70132E-07
2.59602E-07
1.71E-07
2.41476E-07
3.0063E-07
1.78064E-07
2.10936E-07
2.28849E-07
2.30597E-07
2.14971E-07
1.80767E-07
2.95964E-07
2.20995E-07
2.93023E-07
1.72488E-07
1.96554E-07
1.94845E-07
1.66167E-07
2.78507E-07
1.92315E-07
2.4476E-07
2.65475E-07
2.53274E-07
2.06971E-07
2.94561E-07
1.76506E-07
1.89981E-07
3.33806E-07
2.68448E-07
3.31086E-07
1.82189E-07
3.28116E-07
2.60162E-07
3.15511E-07
3.23816E-07
2.83909E-07
1.94622E-07
2.23966E-07
2.01601E-07
2.95539E-07
3.35442E-07
3.2015E-07
2.48505E-07
2.88523E-07
2.69872E-07
1.91399E-07
2.21122E-07
1.88715E-07
2.62201E-07
2.71255E-07
2.1473E-07
2.6065E-07
2.38696E-07
3.16897E-07
3.24935E-07
2.6167E-07
2.95132E-07
2.55009E-07
3.09334E-07
2.87799E-07
3.5844E-07
3.5095E-07
2.64197E-07
2.6622E-07
3.55887E-07
1.93731E-07
2.86131E-07
2.93623E-07
2.15082E-07
2.18552E-07
3.0291E-07
2.97868E-07
2.02307E-07
3.53442E-07
2.42655E-07
2.07166E-07
2.45858E-07
3.5762E-07
2.03007E-07
2.88409E-07
2.74385E-07
3.28993E-07
2.81963E-07
3.01355E-07
2.16903E-07
3.65834E-07
2.39555E-07
3.44461E-07
3.41127E-07
2.28457E-07
3.43687E-07
3.47396E-07
2.38494E-07
3.54219E-07
3.55156E-07
2.40221E-07
3.46654E-07
3.35048E-07
3.73483E-07
2.9172E-07
2.5784E-07
2.7077E-07
3.29433E-07
2.63596E-07
2.41349E-07
2.61622E-07
3.23348E-07
2.56301E-07
2.28575E-07
2.39109E-07
2.86842E-07
3.70714E-07
3.20509E-07
3.04331E-07
3.21126E-07
3.69842E-07
2.80271E-07
3.8968E-07
3.58707E-07
3.55466E-07
3.78914E-07
2.58852E-07
3.32557E-07
2.60676E-07
3.80489E-07
3.52649E-07
3.45281E-07
3.57356E-07
3.87846E-07
2.6657E-07
3.30816E-07
2.41252E-07
3.35169E-07
2.73239E-07
3.92756E-07
3.54398E-07
3.26307E-07
3.07475E-07
2.96894E-07
2.9356E-07
2.96468E-07
3.04619E-07
3.17013E-07
3.32653E-07
3.50545E-07
3.69696E-07
3.89116E-07
2.38664E-07
2.55659E-07
2.69965E-07
2.80601E-07
2.86586E-07
2.86943E-07
2.80698E-07
2.66877E-07
2.44511E-07
3.81781E-07
3.39419E-07
2.85613E-07
3.88551E-07
3.08974E-07
3.84224E-07
2.75048E-07
3.18791E-07
3.45355E-07
3.53792E-07
3.43155E-07
3.12501E-07
2.60891E-07
3.56534E-07
2.60196E-07
3.09241E-07
3.33589E-07
3.32311E-07
3.04479E-07
4.18319E-07
3.3461E-07
3.90731E-07
4.16616E-07
4.11349E-07
3.7402E-07
3.03717E-07
3.6868E-07
3.98858E-07
3.93346E-07
3.51246E-07
2.71659E-07
3.22836E-07
3.34738E-07
3.06474E-07
4.06303E-07
2.95046E-07
3.10112E-07
2.81475E-07
3.77402E-07
2.58726E-07
2.62865E-07
3.88947E-07
2.97814E-07
3.26891E-07
3.06168E-07
4.03929E-07
2.81028E-07
2.74896E-07
3.84679E-07
2.7124E-07
2.72017E-07
3.86163E-07
2.74549E-07
2.74619E-07
3.85535E-07
2.68176E-07
4.29135E-07
3.60153E-07
3.98688E-07
3.74769E-07
2.87575E-07
3.05424E-07
4.275E-07
3.14701E-07
3.04497E-07
3.96077E-07
4.19491E-07
3.73932E-07
4.27737E-07
4.10965E-07
3.22816E-07
3.31635E-07
2.67486E-07
2.98719E-07
4.24544E-07
3.05896E-07
2.80269E-07
3.46882E-07
3.35815E-07
4.15432E-07
4.15819E-07
3.36204E-07
3.44956E-07
2.72169E-07
2.86219E-07
3.86342E-07
4.0264E-07
3.34355E-07
3.49872E-07
2.79299E-07
2.91024E-07
3.843E-07
3.89243E-07
3.0511E-07
3.00299E-07
3.74071E-07
3.56553E-07
4.16149E-07
3.8299E-07
4.25485E-07
3.7377E-07
3.96259E-07
3.23093E-07
3.22689E-07
3.94329E-07
3.68164E-07
4.12617E-07
3.57841E-07
3.72265E-07
2.86048E-07
4.36757E-07
3.16285E-07
4.31341E-07
4.42955E-07
3.50436E-07
3.22225E-07
3.57634E-07
2.8684E-07
2.78293E-07
3.31309E-07
2.76075E-07
2.81044E-07
3.45542E-07
2.99761E-07
3.12161E-07
3.82074E-07
3.39699E-07
3.53503E-07
4.22823E-07
3.77866E-07
3.87105E-07
2.8075E-07
3.96414E-07
3.95177E-07
4.45523E-07
3.77669E-07
3.60104E-07
3.92182E-07
3.04129E-07
4.3357E-07
4.41602E-07
3.2759E-07
4.29164E-07
4.07428E-07
4.30884E-07
3.29774E-07
4.41735E-07
4.2788E-07
2.87586E-07
3.58499E-07
3.01736E-07
2.85814E-07
3.10119E-07
3.74039E-07
3.07833E-07
4.49156E-07
2.90007E-07
3.37177E-07
4.20931E-07
3.7154E-07
3.57534E-07
3.78319E-07
4.33298E-07
3.52749E-07
3.05212E-07
2.90098E-07
3.06818E-07
3.54788E-07
4.33425E-07
3.73016E-07
3.42112E-07
3.40134E-07
3.66506E-07
4.20653E-07
3.32874E-07
4.40856E-07
4.05771E-07
3.96181E-07
4.1152E-07
2.82095E-07
3.45602E-07
4.3235E-07
3.72653E-07
3.35082E-07
3.19082E-07
3.24097E-07
3.49578E-07
3.94971E-07
2.90602E-07
3.74179E-07
3.06899E-07
4.26476E-07
3.9411E-07
3.7839E-07
3.78775E-07
3.94729E-07
4.25715E-07
3.02072E-07
3.61522E-07
4.34406E-07
3.51067E-07
4.49231E-07
3.90118E-07
3.4233E-07
3.05343E-07
4.47761E-07
4.30812E-07
4.23102E-07
4.24115E-07
4.33333E-07
4.50243E-07
3.05206E-07
3.35962E-07
3.72874E-07
4.15434E-07
2.94009E-07
3.46346E-07
4.02812E-07
2.93781E-07
3.57001E-07
4.22847E-07
3.21695E-07
3.91298E-07
2.9291E-07
3.64285E-07
4.35807E-07
3.37858E-07
4.08197E-07
3.08086E-07
3.75287E-07
4.40187E-07
3.33178E-07
3.92024E-07
4.47119E-07
3.28857E-07
3.75007E-07
4.15966E-07
4.51256E-07
3.11278E-07
3.33805E-07
3.49239E-07
3.57108E-07
3.56941E-07
3.4827E-07
3.30624E-07
3.03537E-07
4.35667E-07
3.88301E-07
3.30101E-07
4.29726E-07
3.48469E-07
4.24117E-07
3.17965E-07
3.67802E-07
4.04048E-07
4.26248E-07
4.33948E-07
4.26696E-07
4.0404E-07
3.6553E-07
3.10717E-07
4.08275E-07
3.19512E-07
3.82227E-07
4.26853E-07
2.83825E-07
2.90945E-07
4.47771E-07
4.1562E-07
3.63173E-07
2.89995E-07
3.64769E-07
4.17938E-07
4.49067E-07
2.88603E-07
4.43475E-07
4.05891E-07
3.4454E-07
4.28114E-07
3.17944E-07
3.51844E-07
3.60268E-07
3.42791E-07
2.98989E-07
3.97561E-07
2.99842E-07
3.43654E-07
3.59457E-07
3.46833E-07
3.05363E-07
4.03752E-07
3.03343E-07
3.41964E-07
3.5008E-07
3.27278E-07
4.42269E-07
3.56401E-07
4.07505E-07
4.26053E-07
4.11638E-07
3.63853E-07
2.82293E-07
3.35674E-07
3.54473E-07
3.38286E-07
2.86714E-07
3.68475E-07
4.1405E-07
4.23042E-07
3.95052E-07
3.29684E-07
3.95662E-07
4.23473E-07
4.12723E-07
3.63018E-07
4.43088E-07
3.14303E-07
3.14511E-07
4.43323E-07
3.62115E-07
4.08736E-07
4.13683E-07
3.7657E-07
2.97013E-07
3.43748E-07
3.47274E-07
3.0721E-07
3.92294E-07
4.33028E-07
4.29034E-07
3.79934E-07
2.85353E-07
3.14031E-07
2.96478E-07
4.01435E-07
2.90296E-07
3.00924E-07
4.32946E-07
3.47759E-07
3.83228E-07
3.69867E-07
3.07309E-07
3.64304E-07
3.71369E-07
3.28141E-07
4.03371E-07
4.2758E-07
4.00406E-07
3.21488E-07
3.59583E-07
3.45213E-07
2.78022E-07
3.26767E-07
3.21975E-07
4.32407E-07
3.19475E-07
3.21059E-07
4.36804E-07
3.28125E-07
3.32905E-07
2.81675E-07
3.43203E-07
3.48022E-07
2.95787E-07
3.55265E-07
3.56994E-07
3.00628E-07
3.5494E-07
3.5047E-07
2.86874E-07
3.32927E-07
3.19172E-07
4.14384E-07
2.79993E-07
4.23007E-07
3.35741E-07
3.56091E-07
3.14604E-07
3.80062E-07
3.83013E-07
3.23125E-07
3.69181E-07
3.51734E-07
4.39568E-07
2.94122E-07
4.22414E-07
3.16768E-07
3.15089E-07
4.17049E-07
2.84093E-07
4.2324E-07
3.26821E-07
3.32744E-07
2.71571E-07
3.12094E-07
2.84879E-07
3.5872E-07
3.64184E-07
3.00951E-07
3.37819E-07
3.05358E-07
3.72365E-07
3.69411E-07
2.96182E-07
3.21479E-07
2.75875E-07
3.28173E-07
3.08947E-07
3.87003E-07
3.92915E-07
3.26376E-07
3.56192E-07
3.12943E-07
3.65436E-07
3.44253E-07
4.18202E-07
4.17866E-07
3.42943E-07
3.62245E-07
3.06355E-07
3.4409E-07
3.06033E-07
3.61001E-07
3.39582E-07
4.10593E-07
4.04623E-07
3.21377E-07
3.29674E-07
4.2922E-07
2.81494E-07
3.93546E-07
4.26856E-07
3.81133E-07
4.25202E-07
3.89658E-07
2.74215E-07
4.16811E-07
3.09819E-07
2.9118E-07
3.60609E-07
3.48708E-07
4.24306E-07
4.18008E-07
3.2953E-07
3.27706E-07
4.12254E-07
4.13782E-07
3.3201E-07
3.35774E-07
4.24795E-07
2.60571E-07
3.50166E-07
3.55078E-07
2.75032E-07
2.78868E-07
3.66314E-07
3.67983E-07
2.83605E-07
2.82022E-07
3.62965E-07
3.57051E-07
2.64011E-07
4.21805E-07
3.22827E-07
3.05036E-07
3.68167E-07
3.42843E-07
3.97913E-07
3.64E-07
4.09956E-07
3.66407E-07
4.02203E-07
3.47973E-07
3.72569E-07
3.06621E-07
3.18983E-07
4.09399E-07
4.08498E-07
3.16026E-07
3.0084E-07
3.62686E-07
3.32199E-07
3.78237E-07
3.31436E-07
3.60659E-07
2.96541E-07
3.07945E-07
3.94622E-07
3.87212E-07
2.85466E-07
2.58251E-07
3.0532E-07
2.57315E-07
2.83103E-07
3.82442E-07
3.85974E-07
2.93457E-07
2.73763E-07
3.26648E-07
2.82761E-07
3.10975E-07
4.11048E-07
4.13633E-07
3.1849E-07
2.94494E-07
3.4141E-07
2.89889E-07
3.08809E-07
3.97934E-07
3.87921E-07
2.78536E-07
4.0777E-07
2.68056E-07
3.66499E-07
3.64646E-07
2.62266E-07
3.97354E-07
2.62348E-07
3.64354E-07
3.64922E-07
2.63828E-07
3.99067E-07
2.63081E-07
3.6298E-07
3.60317E-07
2.54871E-07
3.84641E-07
4.11183E-07
3.34277E-07
3.22814E-07
3.76573E-07
3.26226E-07
3.40665E-07
2.50561E-07
3.9392E-07
2.63191E-07
3.65494E-07
3.6239E-07
2.53665E-07
3.77328E-07
3.94943E-07
3.06298E-07
2.80292E-07
3.16715E-07
2.46244E-07
4.06892E-07
2.91115E-07
4.0604E-07
2.44124E-07
3.12493E-07
2.72719E-07
2.93706E-07
3.75249E-07
3.48031E-07
3.80959E-07
3.0472E-07
2.88219E-07
3.31256E-07
2.64517E-07
2.56911E-07
3.08239E-07
2.49188E-07
2.48671E-07
3.06489E-07
2.53332E-07
2.58113E-07
3.20636E-07
2.71592E-07
2.79898E-07
3.45357E-07
2.98664E-07
3.08736E-07
3.75378E-07
3.29288E-07
3.39383E-07
2.3636E-07
3.58251E-07
3.66643E-07
2.61345E-07
3.80389E-07
3.85366E-07
2.76086E-07
3.90583E-07
3.90449E-07
2.75496E-07
3.8376E-07
3.76834E-07
2.54532E-07
3.54892E-07
3.39507E-07
3.77306E-07
2.98995E-07
2.73502E-07
3.00645E-07
3.80243E-07
3.43005E-07
3.57861E-07
2.55521E-07
3.74026E-07
3.74978E-07
2.58198E-07
3.61729E-07
3.47175E-07
3.83468E-07
3.01322E-07
2.69674E-07
2.88346E-07
3.57166E-07
3.06849E-07
3.06332E-07
3.55442E-07
2.84897E-07
2.63635E-07
2.91485E-07
3.68276E-07
3.24729E-07
3.29782E-07
3.83267E-07
3.15906E-07
2.9664E-07
3.25301E-07
2.32612E-07
3.56626E-07
3.58958E-07
2.39441E-07
3.36131E-07
3.10641E-07
3.3192E-07
2.30691E-07
3.45013E-07
3.36502E-07
3.74106E-07
2.88553E-07
2.48793E-07
2.54663E-07
3.06004E-07
2.33546E-07
3.75348E-07
2.23924E-07
2.86443E-07
2.24527E-07
3.7624E-07
2.34094E-07
3.05263E-07
2.5137E-07
2.41369E-07
2.75106E-07
3.52425E-07
3.04062E-07
2.98974E-07
3.37007E-07
2.48898E-07
3.72714E-07
3.70084E-07
2.40856E-07
3.23098E-07
2.7844E-07
2.75842E-07
3.15153E-07
2.27115E-07
3.49798E-07
3.44835E-07
3.81186E-07
2.89595E-07
2.39024E-07
2.29326E-07
2.60354E-07
3.31964E-07
2.749E-07
2.58126E-07
2.81498E-07
3.44871E-07
2.78993E-07
2.5283E-07
2.66238E-07
3.19075E-07
2.42089E-07
3.73359E-07
3.74523E-07
2.45441E-07
3.24191E-07
2.72414E-07
2.59081E-07
2.84052E-07
3.47188E-07
2.79242E-07
2.49184E-07
2.56878E-07
3.02186E-07
2.15862E-07
3.35989E-07
3.24212E-07
3.49504E-07
2.42621E-07
3.41647E-07
3.08229E-07
3.11343E-07
3.50855E-07
2.57522E-07
3.6943E-07
3.48228E-07
3.62893E-07
2.44186E-07
3.30192E-07
2.82562E-07
2.70276E-07
2.93203E-07
3.51213E-07
2.75068E-07
2.33749E-07
2.27126E-07
2.55071E-07
3.17457E-07
2.45048E-07
2.06824E-07
2.02659E-07
2.32428E-07
2.96004E-07
2.24152E-07
3.54966E-07
3.50103E-07
2.09437E-07
2.71063E-07
3.65748E-07
3.24261E-07
3.15586E-07
3.39601E-07
2.27074E-07
3.16103E-07
2.68347E-07
2.52794E-07
2.69323E-07
3.17814E-07
2.29037E-07
3.41092E-07
3.15639E-07
3.2167E-07
3.59064E-07
2.58596E-07
3.58365E-07
3.20035E-07
3.12598E-07
3.35937E-07
2.20826E-07
3.05367E-07
2.51226E-07
2.27396E-07
2.33762E-07
2.70209E-07
3.36622E-07
2.63779E-07
2.20673E-07
2.07192E-07
2.23222E-07
2.68651E-07
3.43365E-07
2.78144E-07
2.41984E-07
2.34774E-07
2.56402E-07
3.06758E-07
2.16622E-07
3.24102E-07
2.90869E-07
2.85924E-07
3.09156E-07
1.91348E-07
2.70609E-07
2.08613E-07
3.43469E-07
3.36852E-07
1.88655E-07
2.36989E-07
3.12637E-07
2.46384E-07
2.07234E-07
1.9508E-07
2.09817E-07
2.51339E-07
3.19543E-07
2.45213E-07
1.97356E-07
3.44976E-07
3.49751E-07
2.11579E-07
2.68573E-07
1.82414E-07
2.91218E-07
2.56663E-07
2.47757E-07
2.64399E-07
3.06488E-07
2.04813E-07
2.97493E-07
2.46208E-07
2.19969E-07
2.18675E-07
2.42226E-07
2.90524E-07
1.94362E-07
2.91857E-07
2.44695E-07
2.21887E-07
2.23335E-07
2.48941E-07
2.98609E-07
2.03133E-07
3.00634E-07
2.52799E-07
2.2864E-07
2.28063E-07
2.50971E-07
2.97269E-07
1.97755E-07
2.90552E-07
2.37346E-07
2.07155E-07
1.99884E-07
2.1544E-07
2.5373E-07
3.14661E-07
2.29032E-07
3.34968E-07
2.94161E-07
2.75627E-07
2.79275E-07
3.05013E-07
1.83643E-07
2.53292E-07
1.75651E-07
2.8885E-07
2.54579E-07
2.41858E-07
2.506E-07
2.80714E-07
3.32113E-07
2.35598E-07
3.293E-07
2.74914E-07
2.4146E-07
2.28852E-07
2.37003E-07
2.65825E-07
3.15234E-07
2.16032E-07
3.06353E-07
2.47893E-07
2.09676E-07
1.91617E-07
1.9363E-07
2.15631E-07
2.57536E-07
3.19262E-07
2.31614E-07
3.32728E-07
2.84302E-07
2.55363E-07
2.45827E-07
2.55613E-07
2.84637E-07
1.6371E-07
2.30966E-07
3.17217E-07
2.53271E-07
2.08157E-07
1.81794E-07
1.74101E-07
1.84999E-07
2.14406E-07
2.62245E-07
3.28435E-07
2.43788E-07
1.77334E-07
2.98103E-07
2.67799E-07
2.55453E-07
2.60987E-07
2.84323E-07
3.25383E-07
2.14981E-07
2.91259E-07
2.15921E-07
1.58E-07
2.8653E-07
2.63214E-07
2.57088E-07
2.68075E-07
2.961E-07
1.71979E-07
2.33856E-07
3.12546E-07
2.38866E-07
1.81851E-07
3.10536E-07
2.8663E-07
2.79168E-07
2.88077E-07
3.13283E-07
1.85606E-07
2.43191E-07
3.16856E-07
2.3742E-07
1.73921E-07
2.95396E-07
2.63556E-07
2.47438E-07
2.46971E-07
2.62086E-07
2.92711E-07
1.69668E-07
2.31103E-07
3.07839E-07
2.30697E-07
1.68717E-07
2.90938E-07
2.59074E-07
2.42165E-07
2.40142E-07
2.52938E-07
2.80484E-07
1.53603E-07
2.10447E-07
2.81838E-07
1.986E-07
2.98885E-07
2.44408E-07
2.04211E-07
1.78228E-07
1.66393E-07
1.68641E-07
1.84905E-07
2.15119E-07
2.59221E-07
1.48033E-07
2.19711E-07
3.05081E-07
2.34969E-07
1.7842E-07
3.04479E-07
2.74864E-07
2.58621E-07
2.55687E-07
2.65997E-07
2.89491E-07
1.56995E-07
2.06665E-07
2.6933E-07
1.75819E-07
2.64288E-07
1.96457E-07
1.41374E-07
2.68086E-07
2.38315E-07
2.21108E-07
2.16404E-07
2.24145E-07
2.44267E-07
2.76713E-07
1.52313E-07
2.09225E-07
2.78281E-07
1.90311E-07
2.83477E-07
2.19499E-07
1.6743E-07
2.96318E-07
2.67888E-07
2.51191E-07
2.46168E-07
2.52762E-07
2.70916E-07
3.00571E-07
1.72562E-07
2.25049E-07
2.88868E-07
1.94851E-07
2.81162E-07
2.09524E-07
1.48992E-07
2.68619E-07
2.3013E-07
2.02579E-07
1.85912E-07
1.80072E-07
1.85005E-07
2.00656E-07
2.26971E-07
2.63894E-07
1.42263E-07
2.00242E-07
2.68668E-07
1.78377E-07
2.67535E-07
1.9787E-07
1.38438E-07
2.58296E-07
2.19171E-07
1.90121E-07
1.71093E-07
1.62035E-07
1.62895E-07
1.7362E-07
1.9416E-07
2.24462E-07
2.64474E-07
1.45037E-07
2.04318E-07
2.73157E-07
1.82394E-07
2.70196E-07
1.98295E-07
1.3575E-07
2.5162E-07
2.07636E-07
1.72859E-07
1.47238E-07
1.30724E-07
1.23268E-07
1.24821E-07
1.35335E-07
1.54759E-07
1.83046E-07
2.20148E-07
2.66016E-07
1.51492E-07
2.14748E-07
2.86626E-07
1.9797E-07
2.8695E-07
2.15301E-07
1.52085E-07
2.66364E-07
2.19873E-07
1.81675E-07
1.51723E-07
1.29971E-07
2.85482E-07
2.79991E-07
2.82562E-07
1.2404E-07
1.42598E-07
1.6908E-07
2.03443E-07
2.45641E-07
1.2652E-07
1.84253E-07
2.49687E-07
1.53667E-07
2.34369E-07
1.53529E-07
2.49322E-07
1.83486E-07
1.25086E-07
2.43188E-07
1.99529E-07
1.63177E-07
1.34087E-07
2.81327E-07
2.66634E-07
2.59075E-07
2.58609E-07
2.65191E-07
2.78782E-07
1.30227E-07
1.57705E-07
1.92065E-07
2.33265E-07
1.12153E-07
1.66907E-07
2.28378E-07
1.27413E-07
2.02191E-07
1.14453E-07
2.02376E-07
1.27701E-07
2.28607E-07
1.66835E-07
1.11453E-07
2.31532E-07
1.88813E-07
1.52364E-07
1.22148E-07
2.67234E-07
2.49363E-07
2.37606E-07
2.31924E-07
2.32278E-07
2.3863E-07
2.5094E-07
2.69171E-07
1.24174E-07
1.5413E-07
1.89892E-07
2.31422E-07
1.09572E-07
1.62524E-07
2.21131E-07
1.16245E-07
1.86049E-07
2.61396E-07
1.73139E-07
2.59461E-07
1.82105E-07
1.10145E-07
2.12654E-07
1.51375E-07
2.64493E-07
2.13751E-07
1.68223E-07
1.27874E-07
2.61778E-07
2.31678E-07
2.0665E-07
1.86659E-07
1.71668E-07
1.61643E-07
1.56548E-07
1.5635E-07
1.61013E-07
1.70502E-07
1.84784E-07
2.03823E-07
2.27585E-07
2.56037E-07
1.20034E-07
1.57762E-07
2.00078E-07
2.46947E-07
1.29227E-07
1.85103E-07
2.45434E-07
1.41074E-07
2.10212E-07
1.14594E-07
1.92407E-07
1.05399E-07
1.91758E-07
1.1323E-07
2.08003E-07
1.37825E-07
2.40885E-07
1.78928E-07
1.21035E-07
2.36283E-07
1.86421E-07
1.40526E-07
9.85675E-08
2.29624E-07
1.95445E-07
1.65108E-07
1.38582E-07
1.15838E-07
9.68431E-08
2.50678E-07
2.39091E-07
2.31163E-07
2.26862E-07
2.26159E-07
2.29024E-07
2.35426E-07
2.45335E-07
2.58723E-07
1.06447E-07
1.26701E-07
1.50344E-07
1.77346E-07
2.07678E-07
2.41312E-07
1.09107E-07
1.49256E-07
1.92619E-07
2.39168E-07
1.19762E-07
1.72596E-07
2.2853E-07
1.18424E-07
1.80472E-07
2.45536E-07
1.44476E-07
2.15486E-07
1.20316E-07
1.97161E-07
1.07772E-07
1.90341E-07
1.06622E-07
1.94806E-07
1.16647E-07
2.10337E-07
1.37629E-07
2.36718E-07
1.69355E-07
1.04624E-07
2.11608E-07
1.52061E-07
9.50666E-08
2.09709E-07
1.5774E-07
1.08245E-07
2.30309E-07
1.85684E-07
1.43454E-07
1.03594E-07
2.35191E-07
1.99995E-07
1.67092E-07
1.36458E-07
1.08067E-07
8.1893E-08
2.27023E-07
2.05209E-07
1.85538E-07
1.67985E-07
1.52525E-07
1.39134E-07
1.27787E-07
1.18459E-07
1.11127E-07
1.05766E-07
1.02351E-07
1.00859E-07
1.01266E-07
1.03548E-07
1.07681E-07
1.13641E-07
1.21405E-07
1.30949E-07
1.4225E-07
1.55284E-07
1.70029E-07
1.8646E-07
2.04555E-07
2.24291E-07
7.65345E-08
9.94835E-08
1.24005E-07
1.50076E-07
1.77674E-07
2.06777E-07
2.37363E-07
1.00297E-07
1.3378E-07
1.68678E-07
2.0497E-07
7.35225E-08
1.12536E-07
1.52876E-07
1.94523E-07
2.37455E-07
1.12538E-07
1.57974E-07
2.0463E-07
8.3374E-08
1.32406E-07
1.82595E-07
2.33919E-07
1.17246E-07
1.70778E-07
2.25382E-07
1.11927E-07
1.68615E-07
2.26313E-07
1.1589E-07
1.75548E-07
2.36156E-07
1.28581E-07
1.91027E-07
8.52505E-08
1.49454E-07
2.14506E-07
1.11276E-07
1.77967E-07
7.63361E-08
1.44586E-07
2.13587E-07
1.14207E-07
1.8465E-07
8.66741E-08
1.58482E-07
2.30944E-07
1.34929E-07
2.08642E-07
1.13839E-07
1.88726E-07
9.50608E-08
1.71047E-07
7.84434E-08
1.55455E-07
6.38388E-08
1.41801E-07
2.2021E-07
1.29938E-07
2.09189E-07
1.19722E-07
1.99741E-07
1.11006E-07
1.91721E-07
1.03647E-07
1.84988E-07
9.75034E-08
1.79399E-07
9.24332E-08
1.74813E-07
8.82966E-08
1.7109E-07
8.49541E-08
1.68094E-07
8.22683E-08
1.65685E-07
8.01023E-08
1.63728E-07
7.83204E-08
1.62087E-07
7.67879E-08
1.60629E-07
7.53715E-08
1.59222E-07
7.39391E-08
1.57731E-07
7.23593E-08
1.56029E-07
7.05016E-08
1.53984E-07
6.8237E-08
1.51468E-07
6.54375E-08
1.48353E-07
6.19762E-08
1.44514E-07
5.77271E-08
1.39824E-07
2.21677E-07
1.34159E-07
2.15478E-07
1.27396E-07
2.0812E-07
1.19413E-07
1.99481E-07
1.10088E-07
1.8944E-07
9.93007E-08
1.77877E-07
8.6932E-08
1.64674E-07
7.2864E-08
1.49712E-07
5.69792E-08
1.32875E-07
2.08273E-07
1.14047E-07
1.88406E-07
9.31134E-08
1.66377E-07
6.99603E-08
1.42072E-07
2.13587E-07
1.15379E-07
1.85657E-07
8.61853E-08
1.55173E-07
5.43818E-08
1.22023E-07
1.8897E-07
8.60989E-08
1.51619E-07
2.16405E-07
1.11331E-07
1.74609E-07
6.80012E-08
1.29718E-07
1.90635E-07
8.16261E-08
1.40903E-07
1.9934E-07
8.78141E-08
1.44535E-07
2.00377E-07
8.62172E-08
1.40266E-07
1.93399E-07
7.64914E-08
1.27755E-07
1.78065E-07
5.82971E-08
1.06663E-07
1.54039E-07
2.00412E-07
7.66578E-08
1.20989E-07
1.64281E-07
2.06522E-07
7.85874E-08
1.1869E-07
1.57706E-07
1.95624E-07
6.33184E-08
9.90033E-08
1.33554E-07
1.6696E-07
1.99209E-07
6.11773E-08
9.10779E-08
1.19787E-07
1.47294E-07
1.73587E-07
1.98655E-07
5.33752E-08
7.59596E-08
9.72856E-08
1.17342E-07
1.36118E-07
1.53603E-07
1.69786E-07
1.84655E-07
1.98201E-07
4.12996E-08
5.21652E-08
6.16752E-08
6.98188E-08
7.65852E-08
8.19643E-08
8.59455E-08
8.85184E-08
8.96726E-08
8.93982E-08
8.76844E-08
8.45213E-08
7.98988E-08
7.38068E-08
6.62352E-08
5.71738E-08
4.66131E-08
2.03655E-07
1.90066E-07
1.74947E-07
1.5829E-07
1.40084E-07
1.2032E-07
9.89872E-08
7.60777E-08
5.15811E-08
1.946E-07
1.66901E-07
1.37587E-07
1.06648E-07
7.40753E-08
3.98591E-08
1.73103E-07
1.35573E-07
9.63718E-08
5.5491E-08
1.82034E-07
1.37766E-07
9.1792E-08
4.41022E-08
1.638E-07
1.12652E-07
5.97623E-08
1.74234E-07
1.17834E-07
5.96651E-08
1.68832E-07
1.07101E-07
4.35767E-08
1.47362E-07
8.02243E-08
1.8038E-07
1.09595E-07
3.69749E-08
1.31623E-07
5.53062E-08
1.46242E-07
6.61957E-08
1.53386E-07
6.95782E-08
1.52991E-07
6.53894E-08
1.44992E-07
5.35661E-08
1.29328E-07
3.40446E-08
1.05934E-07
1.75876E-07
7.47495E-08
1.40772E-07
3.57122E-08
9.77862E-08
1.57874E-07
4.68564E-08
1.0295E-07
1.57036E-07
3.99936E-08
9.00409E-08
1.38058E-07
1.84037E-07
5.88592E-08
1.00742E-07
1.40565E-07
1.78323E-07
4.48944E-08
7.84983E-08
1.10015E-07
1.39437E-07
1.66758E-07
1.91971E-07
4.59562E-08
6.69327E-08
8.57804E-08
1.02493E-07
1.17063E-07
1.29485E-07
1.39752E-07
1.47857E-07
1.53793E-07
1.57554E-07
1.59134E-07
1.58526E-07
1.55724E-07
1.50721E-07
1.43511E-07
1.34087E-07
1.22444E-07
1.08575E-07
9.24743E-08
7.41352E-08
5.35515E-08
3.07173E-08
1.74739E-07
1.47386E-07
1.17764E-07
8.58679E-08
5.16909E-08
1.84341E-07
1.45585E-07
1.04531E-07
6.11737E-08
1.84619E-07
1.36637E-07
8.6333E-08
3.37025E-08
1.47853E-07
9.05519E-08
3.09074E-08
1.38027E-07
7.3679E-08
1.76084E-07
1.0701E-07
3.55655E-08
1.30858E-07
5.46551E-08
1.45179E-07
6.41972E-08
1.49931E-07
6.41493E-08
1.45073E-07
5.447E-08
1.30562E-07
3.5118E-08
1.06359E-07
1.75166E-07
7.24222E-08
1.36348E-07
2.87122E-08
8.77366E-08
1.44303E-07
2.92931E-08
8.09288E-08
1.30092E-07
1.76778E-07
5.18689E-08
9.35862E-08
1.32812E-07
1.69542E-07
3.46582E-08
6.63825E-08
9.5597E-08
1.22297E-07
1.46479E-07
1.68137E-07
1.81541E-08
3.47526E-08
4.88147E-08
6.03359E-08
6.93119E-08
7.57384E-08
7.96114E-08
8.09263E-08
7.96791E-08
7.58656E-08
6.94816E-08
6.0523E-08
4.89855E-08
3.48653E-08
1.81582E-08
1.67974E-07
1.46081E-07
1.21589E-07
9.44946E-08
6.47934E-08
3.24816E-08
1.66669E-07
1.29125E-07
8.89579E-08
4.61654E-08
1.69857E-07
1.21802E-07
7.11092E-08
1.7776E-08
1.30912E-07
7.22865E-08
1.10095E-08
1.16191E-07
4.95996E-08
1.4946E-07
7.75409E-08
1.72066E-07
9.48054E-08
1.48685E-08
1.01366E-07
1.60665E-08
9.71946E-08
1.75633E-07
8.22653E-08
1.55315E-07
5.65519E-08
1.242E-07
2.00285E-08
8.22616E-08
1.41783E-07
2.94748E-08
8.35624E-08
1.34928E-07
1.44565E-08
6.03707E-08
1.03555E-07
1.44005E-07
1.26047E-08
4.75791E-08
7.98113E-08
1.09298E-07
1.36037E-07
1.60025E-07
1.21456E-08
3.06231E-08
4.63415E-08
5.92977E-08
6.94891E-08
7.69132E-08
8.15669E-08
8.34478E-08
8.25534E-08
7.88806E-08
7.2427E-08
6.31904E-08
5.11677E-08
3.63568E-08
1.87547E-08
1.67473E-07
1.44282E-07
1.18292E-07
8.95021E-08
5.79088E-08
2.35099E-08
1.55417E-07
1.154E-07
7.25701E-08
2.69256E-08
1.47578E-07
9.62968E-08
4.21942E-08
1.54382E-07
9.46292E-08
3.20484E-08
1.35751E-07
6.75077E-08
1.65543E-07
9.16286E-08
1.48749E-08
1.04394E-07
2.19571E-08
1.05789E-07
1.76597E-08
9.57956E-08
1.96698E-09
7.43994E-08
1.43977E-07
4.15848E-08
1.05448E-07
1.6645E-07
5.5477E-08
1.10754E-07
1.63165E-07
4.3594E-08
9.02681E-08
1.34071E-07
5.88753E-09
4.39436E-08
7.91235E-08
1.11425E-07
1.40848E-07
1.6739E-07
2.19349E-08
4.27091E-08
6.0598E-08
7.55995E-08
8.7712E-08
9.6934E-08
1.03264E-07
1.06701E-07
1.07242E-07
1.04888E-07
9.96354E-08
9.14836E-08
8.04313E-08
6.6477E-08
4.96196E-08
2.98574E-08
7.18921E-09
1.50728E-07
1.22243E-07
9.08494E-08
5.65443E-08
1.93267E-08
1.4831E-07
1.05264E-07
5.93016E-08
1.04223E-08
1.27739E-07
7.3022E-08
1.53845E-08
1.23939E-07
6.04571E-08
1.63165E-07
9.38345E-08
2.15776E-08
1.15508E-07
3.73962E-08
1.2547E-07
4.14988E-08
1.23711E-07
3.38771E-08
1.10225E-07
1.45249E-08
8.50044E-08
1.52548E-07
4.80418E-08
1.09712E-07
6.69855E-10
5.51236E-08
1.07977E-07
1.57891E-07
3.57486E-08
7.97787E-08
1.20866E-07
1.5901E-07
2.5095E-08
5.73497E-08
8.66589E-08
1.13022E-07
1.36438E-07
1.56906E-07
5.31222E-09
1.98838E-08
3.15058E-08
4.0178E-08
4.58997E-08
4.86701E-08
4.8489E-08
4.53558E-08
3.92699E-08
3.02309E-08
1.82381E-08
3.29131E-09
1.54504E-07
1.33648E-07
1.09836E-07
8.30683E-08
5.33444E-08
2.06638E-08
1.54141E-07
1.15546E-07
7.3993E-08
2.94822E-08
1.51128E-07
1.007E-07
4.73132E-08
9.03292E-09
1.00776E-07
3.85109E-08
1.424E-07
7.42145E-08
3.06875E-09
9.80766E-08
2.10091E-08
1.10095E-07
2.71053E-08
1.10269E-07
2.13566E-08
9.85972E-08
3.76128E-09
7.50784E-08
1.43434E-07
3.97123E-08
1.02144E-07
7.50191E-09
4.9005E-08
1.0255E-07
1.53133E-07
3.16386E-08
7.62971E-08
1.17993E-07
1.2387E-08
2.33852E-08
5.61954E-08
8.60437E-08
1.1293E-07
1.36855E-07
1.12965E-08
6.70505E-09
2.17453E-08
3.38241E-08
4.29419E-08
4.90989E-08
5.2295E-08
5.25306E-08
4.98058E-08
4.41207E-08
3.54757E-08
2.3871E-08
9.3069E-09
8.21643E-09
1.40416E-07
1.16975E-07
9.05753E-08
6.12177E-08
2.89022E-08
6.37071E-09
1.24514E-07
8.33271E-08
3.91835E-08
7.91593E-09
1.11144E-07
5.81329E-08
2.16721E-09
1.12362E-07
5.04873E-08
1.43409E-08
8.69925E-08
1.6258E-08
1.11686E-07
3.50473E-08
1.24572E-07
4.20306E-08
1.25654E-07
3.72119E-08
1.14935E-07
2.0595E-08
9.24211E-08
7.81548E-09
5.81153E-08
1.21099E-07
1.20224E-08
6.91146E-08
1.23262E-07
5.34944E-09
5.36082E-08
9.89237E-08
1.41297E-07
1.16129E-08
4.81025E-08
8.16516E-08
1.12261E-07
1.3993E-07
4.45347E-09
1.73397E-08
3.61955E-08
5.21148E-08
6.50983E-08
7.51467E-08
8.22609E-08
8.64412E-08
8.76888E-08
8.60044E-08
8.13884E-08
7.3842E-08
6.33659E-08
4.99608E-08
3.36275E-08
1.4367E-08
7.82006E-09
1.36182E-07
1.08144E-07
7.71829E-08
4.32982E-08
6.49115E-09
1.35878E-07
9.32287E-08
4.76602E-08
8.27148E-10
1.16883E-07
6.25609E-08
5.3229E-09
1.14285E-07
5.12177E-08
1.47626E-08
8.54599E-08
1.3656E-08
1.08057E-07
3.04336E-08
1.19017E-07
3.55779E-08
1.18348E-07
2.90969E-08
1.06057E-07
1.09989E-08
8.21536E-08
1.87082E-08
4.6645E-08
1.09099E-07
4.60005E-10
5.6199E-08
1.09962E-07
8.28461E-09
3.969E-08
8.47719E-08
1.26962E-07
2.85297E-09
3.35577E-08
6.70802E-08
9.77156E-08
1.25465E-07
1.87853E-08
3.19645E-09
2.2295E-08
3.85124E-08
5.18499E-08
6.23083E-08
6.98891E-08
7.45932E-08
7.6422E-08
7.53767E-08
7.14585E-08
6.46685E-08
5.50081E-08
4.24784E-08
2.70808E-08
8.81649E-09
1.23135E-08
1.32808E-07
1.05951E-07
7.62319E-08
4.36527E-08
8.21427E-09
1.39033E-07
9.78807E-08
5.38729E-08
7.011E-09
1.26412E-07
7.38459E-08
1.84302E-08
1.29281E-07
6.81696E-08
4.21182E-09
1.06525E-07
3.68795E-08
1.33508E-07
5.81799E-08
1.99871E-08
6.81235E-08
1.57174E-08
6.67219E-08
2.27876E-08
5.3986E-08
1.27929E-07
2.99272E-08
9.82129E-08
5.44315E-09
5.71909E-08
1.17002E-07
4.87457E-09
5.90422E-08
1.10391E-07
1.01941E-08
3.552E-08
7.84195E-08
1.18505E-07
1.33359E-08
2.11278E-08
5.27825E-08
8.16298E-08
1.07671E-07
1.30908E-07
1.77734E-08
1.4087E-10
1.46919E-08
2.67263E-08
3.59638E-08
4.2406E-08
4.60546E-08
4.69108E-08
4.49764E-08
4.02529E-08
3.27423E-08
2.24452E-08
9.36393E-09
6.50029E-09
2.51456E-08
1.22545E-07
9.83419E-08
7.13624E-08
4.16078E-08
9.08016E-09
2.62192E-08
1.04827E-07
6.39893E-08
2.03847E-08
2.59851E-08
9.39972E-08
4.21018E-08
1.25536E-08
9.91477E-08
3.89766E-08
2.39498E-08
7.94855E-08
1.10534E-08
1.08987E-07
3.50555E-08
1.27493E-07
4.80694E-08
1.35018E-07
5.01086E-08
1.31575E-07
4.11871E-08
1.17178E-07
2.13179E-08
9.18401E-08
9.48518E-09
5.55751E-08
1.17907E-07
8.39694E-09
6.52776E-08
1.19435E-07
1.75543E-09
5.04717E-08
9.64702E-08
2.9363E-08
1.12048E-08
4.90598E-08
8.42041E-08
1.16639E-07
2.27491E-08
4.27288E-09
2.8591E-08
5.02069E-08
6.91227E-08
8.53399E-08
9.88602E-08
1.09686E-07
1.17818E-07
1.23259E-07
1.2601E-07
1.26074E-07
1.23451E-07
1.18145E-07
1.10156E-07
9.94866E-08
8.61384E-08
7.01134E-08
5.14132E-08
3.00399E-08
5.99516E-09
2.07192E-08
1.19015E-07
8.69666E-08
5.22546E-08
1.48805E-08
2.51541E-08
1.01269E-07
5.5919E-08
7.91444E-09
1.26373E-07
7.30646E-08
1.71071E-08
1.27618E-07
6.63677E-08
2.47382E-09
1.05054E-07
3.58788E-08
3.59346E-08
5.87321E-08
1.83513E-08
7.1049E-08
1.12969E-08
7.28445E-08
1.47564E-08
6.41338E-08
2.87143E-08
4.49324E-08
1.1596E-07
1.52554E-08
8.10513E-08
2.48819E-08
3.56897E-08
9.3652E-08
2.01089E-08
3.26405E-08
8.27865E-08
3.87849E-08
6.16003E-09
4.8507E-08
8.82587E-08
1.25416E-07
9.13363E-09
2.28423E-08
5.22305E-08
7.90326E-08
1.03251E-07
1.24887E-07
2.51734E-08
8.69544E-09
5.20624E-09
1.65336E-08
2.52889E-08
3.1474E-08
3.50907E-08
3.61413E-08
3.46275E-08
3.05513E-08
2.39149E-08
1.472E-08
2.96882E-09
1.13367E-08
2.81945E-08
1.21513E-07
9.95564E-08
7.50534E-08
4.8006E-08
1.84161E-08
1.37141E-08
1.20733E-07
8.35283E-08
4.37891E-08
1.51749E-09
1.25831E-07
7.85013E-08
2.86447E-08
2.37361E-08
9.04769E-08
3.30536E-08
2.68879E-08
7.97704E-08
1.47987E-08
1.16431E-07
4.64369E-08
2.60652E-08
6.80427E-08
9.46931E-09
7.96327E-08
2.88073E-09
8.12236E-08
6.28401E-09
7.28309E-08
1.96621E-08
5.44713E-08
4.29988E-08
2.61616E-08
9.28385E-08
1.20823E-08
4.96335E-08
1.08872E-07
3.48075E-09
5.08093E-08
1.02628E-07
1.71382E-08
2.97447E-08
7.41625E-08
1.16117E-07
1.35046E-08
2.35307E-08
5.81093E-08
9.02335E-08
1.19905E-07
2.19902E-08
2.78247E-09
2.51087E-08
4.49908E-08
6.24308E-08
7.74307E-08
8.99927E-08
1.00119E-07
1.07811E-07
1.13071E-07
1.15902E-07
1.16305E-07
1.14283E-07
1.09837E-07
1.02971E-07
9.36843E-08
8.19811E-08
6.7863E-08
5.13317E-08
3.23898E-08
1.10392E-08
1.27182E-08
3.88798E-08
1.01672E-07
7.07075E-08
3.73449E-08
1.58598E-09
3.65668E-08
9.20047E-08
4.90703E-08
3.74796E-09
4.39599E-08
7.50651E-08
2.25926E-08
3.22593E-08
7.96281E-08
2.00241E-08
4.19528E-08
6.28159E-08
3.9005E-09
9.61328E-08
2.46856E-08
1.19992E-07
4.38221E-08
3.47059E-08
5.35265E-08
2.97114E-08
5.38154E-08
3.41238E-08
4.47059E-08
1.2119E-07
2.62147E-08
9.80146E-08
1.64075E-09
6.54834E-08
3.88437E-08
2.3613E-08
8.37392E-08
2.75795E-08
2.78922E-08
8.10396E-08
3.72514E-08
1.12544E-08
5.74423E-08
1.01315E-07
2.62428E-08
1.30045E-08
4.9943E-08
8.45746E-08
1.16901E-07
2.21921E-08
5.5306E-09
3.09551E-08
5.40829E-08
7.49167E-08
9.34583E-08
1.0971E-07
4.54431E-08
3.37649E-08
2.43705E-08
1.72575E-08
1.24238E-08
9.86727E-09
9.58586E-09
1.15774E-08
1.58394E-08
2.23702E-08
3.11677E-08
4.22292E-08
1.13563E-07
9.79795E-08
8.01377E-08
6.00401E-08
3.76888E-08
1.30859E-08
1.37663E-08
4.28656E-08
9.49065E-08
6.13191E-08
2.54908E-08
1.25762E-08
1.16237E-07
7.36991E-08
2.89291E-08
1.8071E-08
1.01817E-07
5.03634E-08
3.31418E-09
1.09903E-07
5.17848E-08
8.55104E-09
9.80146E-08
3.32507E-08
3.37239E-08
6.62093E-08
5.18053E-09
9.03417E-08
1.45452E-08
1.05665E-07
2.54705E-08
1.12197E-07
2.76123E-08
1.09953E-07
2.09882E-08
9.89523E-08
5.61484E-09
7.92108E-08
1.84905E-08
5.07462E-08
5.13105E-08
1.3575E-08
7.62883E-08
3.22852E-08
2.60899E-08
8.22993E-08
3.27718E-08
1.91122E-08
6.88367E-08
1.16404E-07
7.30061E-09
3.59584E-08
7.70666E-08
1.16026E-07
1.62778E-08
1.83904E-08
5.09165E-08
8.13022E-08
1.0955E-07
3.3455E-08
9.47695E-09
1.23694E-08
3.20862E-08
4.96757E-08
6.51397E-08
7.84806E-08
8.97008E-08
9.8802E-08
1.05787E-07
1.10657E-07
1.13414E-07
1.14061E-07
1.126E-07
1.09033E-07
1.03362E-07
9.55895E-08
8.57171E-08
7.37472E-08
5.96818E-08
4.35232E-08
2.52733E-08
4.93465E-09
1.74911E-08
4.20015E-08
1.00522E-07
7.18486E-08
4.10967E-08
8.26846E-09
2.66339E-08
1.05509E-07
6.64644E-08
2.53525E-08
1.78251E-08
1.06051E-07
5.87479E-08
9.38632E-09
4.20326E-08
7.36101E-08
1.80833E-08
3.94942E-08
6.99963E-08
8.32343E-09
1.13723E-07
4.79634E-08
1.98366E-08
7.94423E-08
7.56849E-09
1.02778E-07
2.68382E-08
5.1131E-08
3.79892E-08
4.40328E-08
4.10387E-08
4.50279E-08
3.60036E-08
5.4099E-08
2.29005E-08
9.7887E-08
1.74629E-09
7.2714E-08
2.74419E-08
3.9515E-08
1.04469E-07
1.69303E-09
5.92635E-08
5.08928E-08
6.07382E-09
6.10488E-08
5.50827E-08
4.08468E-09
4.49278E-08
9.19568E-08
3.21121E-08
1.09567E-08
5.20486E-08
9.11655E-08
4.08074E-08
5.63413E-09
2.75706E-08
5.88087E-08
8.80823E-08
5.37234E-08
2.83724E-08
4.97965E-09
1.64569E-08
3.59396E-08
5.34702E-08
6.90509E-08
8.2684E-08
9.43713E-08
1.04115E-07
1.11917E-07
5.1337E-08
4.74114E-08
4.54214E-08
4.53646E-08
4.72388E-08
5.1042E-08
5.67727E-08
1.04689E-07
9.51117E-08
8.36126E-08
7.01952E-08
5.4861E-08
3.76125E-08
1.84515E-08
2.61996E-09
2.55999E-08
5.0486E-08
9.18405E-08
6.3148E-08
3.25553E-08
6.47737E-11
3.43218E-08
9.85147E-08
6.03423E-08
2.02802E-08
2.16696E-08
1.03612E-07
5.78926E-08
1.02918E-08
3.91883E-08
7.85709E-08
2.53378E-08
2.97686E-08
8.23707E-08
2.35235E-08
3.71905E-08
6.93471E-08
4.90457E-09
1.07718E-07
3.95553E-08
3.04644E-08
6.67781E-08
6.94936E-09
8.65893E-08
9.1621E-09
9.90052E-08
1.78863E-08
1.04042E-07
1.92398E-08
1.01716E-07
1.32385E-08
9.20433E-08
1.01304E-10
7.50405E-08
2.07632E-08
5.07236E-08
4.87311E-08
1.91089E-08
8.51283E-08
1.97877E-08
4.25971E-08
1.03167E-07
7.19171E-09
4.97559E-08
1.04895E-07
1.08888E-08
4.064E-08
9.03665E-08
3.08243E-08
1.53037E-08
5.96354E-08
1.02173E-07
2.61988E-08
1.27563E-08
4.99232E-08
8.53039E-08
5.02168E-08
1.84027E-08
1.16314E-08
3.98871E-08
6.63666E-08
9.10721E-08
5.51121E-08
3.39491E-08
1.45546E-08
3.07388E-09
1.89379E-08
3.30399E-08
4.53814E-08
5.59646E-08
6.47917E-08
7.18641E-08
7.71844E-08
8.07543E-08
8.25757E-08
8.26508E-08
8.09814E-08
7.75696E-08
7.24173E-08
6.55263E-08
5.68991E-08
4.6537E-08
3.44422E-08
2.06176E-08
5.06389E-09
1.22169E-08
3.12221E-08
5.19503E-08
9.47181E-08
7.05505E-08
4.46659E-08
1.70664E-08
1.22461E-08
4.32696E-08
9.31151E-08
5.86754E-08
2.25305E-08
1.53175E-08
5.48667E-08
7.3002E-08
3.00558E-08
1.45855E-08
6.09204E-08
6.01704E-08
1.04545E-08
4.09492E-08
7.50788E-08
2.03056E-08
3.61495E-08
7.48329E-08
1.502E-08
4.64689E-08
5.94855E-08
5.34967E-09
9.72622E-08
2.90885E-08
4.07517E-08
5.68609E-08
1.63063E-08
7.7983E-08
1.49651E-09
9.24704E-08
1.26723E-08
1.00338E-07
1.72361E-08
1.01602E-07
1.52035E-08
9.62769E-08
6.58966E-09
8.43782E-08
8.5903E-09
6.59209E-08
3.03209E-08
4.09208E-08
5.8587E-08
9.39243E-09
7.57439E-08
2.86485E-08
3.44522E-08
9.59303E-08
1.33293E-08
4.49094E-08
1.01531E-07
1.25788E-08
4.08151E-08
9.2598E-08
2.63458E-08
2.22203E-08
6.9181E-08
5.45792E-08
1.0824E-08
3.13313E-08
7.18887E-08
5.82673E-08
2.09004E-08
1.4874E-08
4.90581E-08
8.16536E-08
5.64549E-08
2.70312E-08
8.09394E-10
2.70686E-08
5.17487E-08
7.48513E-08
9.63783E-08
5.27859E-08
3.44047E-08
1.75934E-08
2.35039E-09
1.13263E-08
2.34385E-08
3.3988E-08
4.29766E-08
5.04064E-08
5.62791E-08
6.05964E-08
6.33603E-08
6.45727E-08
6.42352E-08
6.23499E-08
5.89183E-08
5.39425E-08
4.74246E-08
3.93658E-08
2.97685E-08
1.8634E-08
5.96444E-09
8.23854E-09
2.39727E-08
4.12368E-08
6.00286E-08
8.87711E-08
6.69291E-08
4.35647E-08
1.86797E-08
7.72393E-09
3.56445E-08
1.04037E-07
7.3088E-08
4.06274E-08
6.65715E-09
2.8821E-08
1.03312E-07
6.48234E-08
2.48324E-08
1.66594E-08
5.96503E-08
6.49795E-08
1.89963E-08
2.84804E-08
9.16684E-08
4.12102E-08
1.07364E-08
6.41694E-08
5.00305E-08
6.36979E-09
6.42513E-08
4.55056E-08
1.53325E-08
9.14709E-08
2.76833E-08
3.75767E-08
6.48104E-08
3.38845E-09
9.60633E-08
2.49326E-08
4.76615E-08
4.74002E-08
2.81151E-08
6.40289E-08
1.44009E-08
7.48324E-08
6.50459E-09
7.9825E-08
4.41227E-09
7.90205E-08
8.10986E-09
7.2433E-08
1.75835E-08
6.00768E-08
3.28191E-08
4.19655E-08
5.38027E-08
1.81131E-08
8.85971E-08
1.14665E-08
5.61592E-08
4.67593E-08
1.80149E-08
8.1366E-08
2.58219E-08
3.46884E-08
9.37804E-08
1.76613E-08
3.86002E-08
9.34488E-08
2.22313E-08
2.97972E-08
8.04178E-08
3.94851E-08
8.32549E-09
5.47335E-08
9.9741E-08
2.57683E-08
1.64426E-08
5.7258E-08
9.66792E-08
3.44092E-08
2.22948E-09
3.74792E-08
7.13417E-08
6.52986E-08
3.42052E-08
4.4938E-09
2.38373E-08
5.07897E-08
7.6365E-08
1.00565E-07
4.57258E-08
2.42714E-08
4.18702E-09
1.45287E-08
3.18777E-08
4.78615E-08
6.24815E-08
7.57398E-08
8.76379E-08
9.81775E-08
6.17572E-08
5.39296E-08
4.74556E-08
4.23333E-08
3.85612E-08
3.61377E-08
3.50611E-08
3.5329E-08
3.69412E-08
3.9895E-08
4.41892E-08
4.98219E-08
5.67914E-08
6.50962E-08
9.43828E-08
8.34125E-08
7.11118E-08
5.74822E-08
4.25258E-08
2.6244E-08
8.63837E-09
1.02895E-08
3.05378E-08
5.21048E-08
9.41283E-08
6.99285E-08
4.44145E-08
1.75882E-08
1.05487E-08
3.99948E-08
9.83695E-08
6.631E-08
3.29465E-08
1.71959E-09
3.76868E-08
9.41642E-08
5.56E-08
1.57394E-08
2.54155E-08
6.78634E-08
5.7515E-08
1.24861E-08
3.38308E-08
8.76833E-08
3.87947E-08
1.13769E-08
6.28304E-08
5.35538E-08
4.58301E-10
5.57474E-08
5.6806E-08
1.03211E-09
6.01423E-08
4.85946E-08
1.30552E-08
9.31453E-08
2.89624E-08
3.64848E-08
6.59231E-08
2.048E-09
9.78393E-08
2.73509E-08
4.43937E-08
5.17246E-08
2.25282E-08
7.10852E-08
5.66915E-09
8.54455E-08
6.19561E-09
9.48182E-08
1.3079E-08
9.92154E-08
1.49935E-08
9.86499E-08
1.19511E-08
9.3134E-08
3.96461E-09
8.26801E-08
8.95361E-09
6.73006E-08
2.67913E-08
4.7008E-08
4.95359E-08
2.18143E-08
9.19425E-08
8.26784E-09
5.94207E-08
4.32262E-08
2.20288E-08
8.60693E-08
2.02211E-08
4.1395E-08
6.73165E-08
8.11868E-09
4.98723E-08
6.24598E-08
6.87784E-09
4.75018E-08
6.84372E-08
1.64577E-08
3.43241E-08
8.39098E-08
3.68171E-08
1.03806E-08
5.63866E-08
6.79153E-08
2.42882E-08
1.81517E-08
5.9406E-08
6.96417E-08
3.07544E-08
6.95192E-09
4.34783E-08
7.88266E-08
5.61194E-08
2.3123E-08
8.69959E-09
3.935E-08
6.88298E-08
9.71401E-08
4.48352E-08
1.88588E-08
5.95261E-09
2.96007E-08
5.20869E-08
7.34127E-08
9.35796E-08
5.65288E-08
3.86754E-08
2.19765E-08
6.4302E-09
7.9641E-09
2.12082E-08
3.33037E-08
4.4252E-08
5.40546E-08
6.2713E-08
7.02285E-08
7.66026E-08
8.18368E-08
8.59326E-08
8.88914E-08
9.07146E-08
9.14036E-08
9.096E-08
8.93852E-08
8.66805E-08
8.28476E-08
7.78877E-08
7.18024E-08
6.4593E-08
5.62609E-08
4.68079E-08
3.6235E-08
2.45437E-08
1.17356E-08
2.18788E-09
1.72253E-08
3.33756E-08
5.06369E-08
6.90078E-08
8.06305E-08
6.00441E-08
3.83524E-08
1.55565E-08
8.34208E-09
3.33419E-08
5.94415E-08
8.24781E-08
5.41828E-08
2.4792E-08
5.69302E-09
3.72707E-08
6.99401E-08
6.54187E-08
3.05707E-08
5.36424E-09
4.23853E-08
8.86272E-08
4.94389E-08
9.16872E-09
3.21816E-08
9.4507E-08
5.10002E-08
6.41734E-09
3.92403E-08
8.31468E-08
3.5344E-08
1.35296E-08
6.34723E-08
5.46351E-08
2.55808E-09
5.0584E-08
6.4328E-08
9.05998E-09
4.72691E-08
6.446E-08
6.01298E-09
5.34908E-08
5.50677E-08
6.54587E-09
6.92123E-08
3.61878E-08
2.85801E-08
7.47212E-08
7.85721E-09
6.00529E-08
4.01102E-08
2.9888E-08
6.81899E-08
3.89088E-09
9.2107E-08
1.7949E-08
5.72456E-08
3.56424E-08
4.16213E-08
4.92001E-08
3.01275E-08
5.86327E-08
2.27536E-08
6.39509E-08
1.94887E-08
6.51652E-08
2.03221E-08
6.22865E-08
2.52436E-08
5.53251E-08
3.42423E-08
4.42918E-08
4.73075E-08
2.91969E-08
6.44294E-08
1.0051E-08
8.35212E-08
1.31352E-08
5.83188E-08
4.03515E-08
2.90913E-08
7.15873E-08
4.15015E-09
6.22858E-08
4.13957E-08
2.30421E-08
8.6483E-08
2.01898E-08
4.12609E-08
6.73998E-08
7.93417E-09
5.05406E-08
6.10918E-08
4.59442E-09
5.09163E-08
6.36763E-08
1.01354E-08
4.24227E-08
9.39991E-08
2.45226E-08
2.50944E-08
7.37336E-08
4.77217E-08
1.03433E-09
4.4679E-08
8.94196E-08
3.59291E-08
6.86991E-09
4.86999E-08
8.95622E-08
3.96597E-08
7.29068E-10
3.72379E-08
7.42426E-08
5.88322E-08
2.37497E-08
1.0374E-08
4.35404E-08
7.57503E-08
6.21128E-08
3.18119E-08
2.46355E-09
2.59334E-08
5.33801E-08
7.9878E-08
6.36898E-08
3.9086E-08
1.54275E-08
7.28728E-09
2.90592E-08
4.98896E-08
6.978E-08
8.87311E-08
6.23733E-08
4.52961E-08
2.91546E-08
1.39473E-08
3.27081E-10
1.36698E-08
2.6082E-08
3.75652E-08
4.81203E-08
5.77486E-08
6.64512E-08
7.42296E-08
8.10848E-08
8.7018E-08
9.20303E-08
7.29947E-08
6.98202E-08
6.75627E-08
6.62212E-08
6.57944E-08
6.62811E-08
6.768E-08
6.99903E-08
7.32104E-08
9.17788E-08
8.67423E-08
8.07997E-08
7.39518E-08
6.61999E-08
5.75453E-08
4.79889E-08
3.75324E-08
2.61764E-08
1.39225E-08
7.71694E-10
1.32749E-08
2.8216E-08
4.40503E-08
6.07768E-08
9.07237E-08
7.22163E-08
5.28203E-08
3.2537E-08
1.13671E-08
1.06878E-08
3.36268E-08
5.74484E-08
8.69663E-08
6.13824E-08
3.49193E-08
7.57801E-09
2.06404E-08
4.97346E-08
8.94146E-08
5.8572E-08
2.68571E-08
5.72888E-09
3.91852E-08
7.35104E-08
6.04147E-08
2.43552E-08
1.25699E-08
5.03595E-08
8.01058E-08
4.05909E-08
2.15106E-10
4.10206E-08
8.60031E-08
4.30512E-08
7.5714E-10
4.54206E-08
7.81797E-08
3.18089E-08
1.54136E-08
6.34871E-08
5.67078E-08
6.93621E-09
4.36829E-08
7.39699E-08
2.16595E-08
3.14952E-08
8.36253E-08
2.87861E-08
2.6894E-08
8.57045E-08
2.83464E-08
2.98492E-08
8.02371E-08
2.03703E-08